10
47 26 30 12 41 41 45 18 0 33 
11 19 13 35 8 27 6 20 3 6 
32 40 23 33 32 3 3 28 25 38 
42 7 9 47 22 43 20 48 29 22 
16 24 36 44 34 33 38 28 38 24 
32 48 17 14 18 47 20 16 26 3 
5 7 30 5 34 16 13 36 18 3 
43 39 21 12 42 41 13 28 9 15 
18 41 42 37 44 5 41 1 48 14 
7 43 38 0 18 25 34 13 21 24 

44 49 31 8 31 26 2 16 43 2 
40 33 22 28 10 5 14 24 41 14 
19 41 46 48 30 46 43 46 49 4 
47 5 21 36 41 9 14 2 5 36 
37 3 36 47 42 36 30 39 36 7 
37 23 47 12 25 42 16 34 12 49 
34 13 8 48 2 26 31 0 26 18 
42 13 18 16 19 28 4 44 10 13 
47 8 9 11 44 10 33 46 48 9 
26 9 36 49 21 43 11 16 47 20