100
34 22 1 21 46 4 26 47 30 39 10 20 48 29 2 44 30 23 9 17 12 7 37 14 41 15 33 48 22 16 8 7 40 9 16 7 23 34 37 23 20 48 18 28 2 5 8 45 15 8 29 25 46 49 32 14 23 18 19 10 41 27 33 18 45 47 18 15 26 29 37 34 21 44 3 35 0 37 17 21 42 38 20 45 39 18 45 18 30 19 44 17 17 22 46 33 27 2 26 12 
40 26 30 29 46 5 27 29 28 36 35 14 11 21 43 39 17 6 37 29 47 22 39 44 18 44 23 38 5 29 1 13 22 5 9 13 13 40 9 45 29 31 44 38 5 30 10 12 11 34 45 45 45 45 47 19 10 12 28 44 3 2 7 34 16 21 36 18 34 36 38 40 20 11 42 31 38 45 20 8 20 3 29 0 25 31 0 12 20 41 31 10 15 6 38 17 45 34 7 40 
21 19 45 14 38 28 1 45 6 43 0 39 20 28 33 12 38 46 49 36 38 8 20 4 29 45 19 31 38 5 22 0 29 24 31 29 15 11 38 0 26 26 7 33 2 30 47 10 35 47 31 44 6 30 22 4 8 3 32 25 49 48 29 30 15 36 43 16 39 25 9 23 28 12 4 22 23 28 5 33 30 42 21 1 7 26 45 33 30 6 22 7 1 2 17 4 24 47 7 46 
36 15 32 0 48 7 15 48 45 27 14 11 21 2 42 9 6 19 13 35 39 8 4 34 47 49 36 23 24 12 12 23 46 31 49 17 48 21 37 12 19 5 40 44 49 23 5 36 13 8 8 40 10 17 14 12 9 23 14 42 23 39 10 9 16 32 8 21 5 42 9 31 8 36 49 36 23 40 35 23 7 16 32 8 9 43 33 38 46 33 17 21 43 36 47 11 33 32 8 47 
38 46 37 39 20 1 42 34 37 12 2 21 45 35 10 29 25 0 12 5 37 47 28 4 0 11 25 32 33 38 19 35 18 1 6 12 32 35 45 33 0 17 43 20 14 32 18 35 46 4 42 47 49 3 41 10 21 6 49 29 43 35 18 13 47 27 0 20 31 43 49 25 13 47 9 6 34 43 46 24 22 7 44 21 14 46 17 41 49 31 38 38 7 10 42 5 17 38 48 3 
13 3 49 17 41 10 22 16 42 3 44 4 45 5 17 19 7 19 1 16 38 12 31 35 28 20 26 22 22 42 16 45 5 12 49 37 2 26 21 5 31 0 2 35 29 32 24 9 11 28 15 20 48 19 3 3 11 46 39 19 15 25 21 41 30 47 25 23 6 37 32 18 23 45 49 11 19 46 47 4 46 45 39 19 9 36 43 35 25 5 7 34 13 48 42 32 7 7 8 42 
29 49 3 35 37 2 17 12 31 28 13 43 37 1 34 1 47 13 20 5 45 29 43 45 37 7 1 32 37 26 46 34 18 5 23 8 10 27 34 17 28 36 41 44 43 8 10 26 43 20 10 47 27 23 15 7 23 35 9 21 34 2 26 48 19 14 17 32 42 35 16 40 26 29 15 16 20 34 17 9 15 27 36 37 19 15 1 20 1 2 3 25 22 12 43 6 34 44 9 32 
8 7 19 3 45 31 34 42 37 32 37 6 25 39 41 9 40 10 10 10 37 47 20 8 2 41 28 42 10 4 9 22 41 28 44 13 30 15 22 24 13 48 14 33 38 46 44 33 4 26 22 39 23 30 49 28 21 40 20 27 47 29 35 6 19 41 10 45 13 37 26 45 18 19 10 42 0 43 20 20 13 16 46 3 0 49 30 20 0 8 41 30 39 25 12 6 47 45 19 7 
4 45 26 49 5 3 14 29 42 8 11 5 39 10 1 28 37 40 36 9 48 39 20 11 44 1 11 24 28 23 40 47 33 15 18 36 15 4 38 46 24 4 16 35 31 9 12 24 7 26 20 9 49 7 23 22 29 23 24 2 27 29 42 31 40 37 39 16 10 11 42 40 26 27 6 46 6 13 40 37 10 14 37 36 49 9 30 32 37 47 9 49 30 39 3 42 46 13 29 37 
21 12 0 23 22 38 34 8 17 5 3 39 30 36 8 17 27 46 9 43 41 29 24 14 44 48 34 21 12 3 44 35 35 1 18 27 2 0 45 37 14 10 2 0 47 28 0 7 43 21 4 4 27 5 24 39 48 23 22 48 12 49 43 29 42 49 17 22 23 23 47 32 8 15 35 10 12 21 32 49 49 6 12 25 41 11 18 46 20 21 13 11 28 33 23 0 13 1 31 9 
12 47 41 32 0 7 4 8 28 10 8 11 1 36 11 28 25 21 48 21 27 38 13 49 36 17 8 28 7 20 16 25 41 46 36 2 18 37 31 14 22 35 49 43 34 37 47 24 28 3 44 48 46 47 47 13 14 13 38 3 37 41 24 24 26 6 39 34 37 40 40 42 30 43 8 24 17 12 18 45 43 25 9 29 31 3 18 25 45 44 30 35 35 46 39 15 21 49 35 22 
42 31 24 41 42 47 49 29 45 9 7 16 27 17 33 43 25 43 30 13 48 30 38 48 12 45 30 44 46 39 30 6 7 7 11 8 0 47 5 18 14 7 20 14 32 19 4 17 9 1 8 1 42 14 6 34 25 19 19 3 14 43 45 2 7 36 17 33 25 24 18 27 33 35 14 41 40 1 48 11 9 11 42 14 3 14 11 8 28 18 48 9 39 2 10 30 33 41 14 8 
1 48 10 11 37 6 0 49 49 21 26 13 20 36 23 3 39 15 19 11 48 30 31 3 44 38 15 37 41 20 6 14 14 14 18 31 12 33 17 34 11 36 12 42 7 41 47 14 16 31 23 41 28 10 2 15 43 34 26 28 34 16 46 47 9 44 9 9 31 1 30 7 21 24 25 9 20 13 15 43 1 24 49 36 6 10 36 45 44 32 29 29 41 25 8 49 28 17 45 28 
11 45 15 25 10 0 26 35 14 3 48 33 3 30 36 39 5 27 32 26 39 39 5 8 34 0 28 27 21 47 31 37 14 6 7 4 44 30 48 42 16 15 12 46 47 33 29 9 6 24 0 32 8 7 44 38 30 38 22 44 8 22 32 2 37 9 34 18 15 9 22 34 30 37 39 46 7 23 22 21 1 30 33 37 33 11 25 10 28 24 26 34 46 16 49 36 25 34 24 32 
7 25 36 6 29 8 20 46 21 20 38 9 43 41 18 12 16 3 25 37 3 8 35 45 26 17 15 39 49 12 31 6 26 46 1 47 10 5 41 1 33 10 14 43 19 1 27 12 44 37 20 17 23 24 47 0 33 31 25 41 33 9 46 44 29 32 34 13 16 9 37 1 21 33 31 10 42 11 13 19 36 35 3 30 45 1 39 49 47 2 19 2 49 26 37 13 18 26 18 8 
24 14 41 28 20 27 42 21 14 36 21 17 20 45 32 37 38 28 44 21 30 10 28 0 39 15 44 2 7 23 10 23 14 47 10 19 47 44 8 18 22 41 27 21 28 37 19 31 6 40 23 34 26 22 13 7 22 39 31 3 33 7 40 25 28 43 35 13 8 48 4 23 13 25 3 39 49 39 29 30 10 22 30 40 40 38 7 14 32 28 40 38 22 38 47 35 39 13 28 36 
41 7 14 15 19 16 45 35 46 11 27 16 1 26 24 42 37 41 5 23 11 33 28 42 10 27 14 17 40 35 2 8 30 6 33 15 36 26 25 40 45 13 39 24 17 14 15 40 6 19 36 37 12 42 30 17 14 29 36 37 48 44 17 18 19 43 46 2 11 40 26 45 35 47 4 23 9 11 30 39 49 17 22 37 24 20 8 20 46 34 38 26 36 10 25 12 1 21 39 20 
0 21 30 0 39 18 45 11 14 24 36 4 46 41 14 45 0 24 3 31 8 1 33 35 18 2 36 24 44 10 13 29 23 28 31 47 26 44 25 27 40 42 7 19 31 6 35 10 39 45 37 4 5 5 9 40 14 27 28 7 44 1 2 44 4 3 5 3 36 44 39 38 38 31 26 36 4 35 27 13 11 18 23 44 31 26 37 11 31 40 16 26 24 28 25 18 31 41 39 42 
9 42 8 10 13 14 38 39 48 40 18 20 46 8 23 26 4 1 28 32 6 8 34 25 2 43 42 14 5 20 31 49 39 21 42 31 4 20 13 41 22 18 33 47 35 22 44 42 1 16 27 35 26 31 22 44 6 14 23 10 38 32 3 4 41 47 2 22 1 30 17 47 41 20 42 11 3 41 7 14 44 5 7 48 12 49 22 1 23 0 35 20 44 34 19 17 23 19 45 8 
39 14 22 15 5 38 42 49 23 24 5 15 5 5 46 2 16 33 20 45 10 28 4 18 2 12 33 49 1 20 12 23 34 30 12 1 6 18 8 39 18 49 5 3 27 10 7 30 49 7 11 13 18 21 6 39 39 42 28 43 34 26 34 30 19 13 44 18 16 36 20 18 0 49 17 35 44 13 33 6 10 37 13 5 39 0 22 44 37 29 39 29 26 15 20 12 11 35 34 8 
40 46 21 6 38 12 4 37 8 26 25 22 3 26 38 15 18 33 21 46 23 48 28 29 43 27 18 37 4 24 8 29 35 11 13 35 27 13 46 11 13 33 24 24 3 4 26 32 37 36 21 12 20 48 24 22 40 18 21 1 38 46 32 24 0 30 44 33 39 4 45 20 32 48 2 18 5 26 23 1 45 3 6 10 34 20 35 28 15 46 32 29 13 27 41 30 7 13 14 2 
42 4 9 29 27 25 46 40 27 37 34 48 44 23 37 2 10 16 10 5 10 47 27 16 13 8 27 27 24 1 47 10 45 24 46 30 20 28 32 5 2 24 19 9 0 13 16 30 15 40 21 28 46 11 32 20 36 5 45 9 33 31 6 39 38 13 47 49 34 40 22 16 15 41 6 40 48 13 41 21 36 5 11 20 3 20 32 0 32 42 40 27 7 1 39 11 3 31 44 45 
27 29 44 23 18 16 1 18 12 30 23 16 28 29 3 25 45 21 25 1 31 8 45 13 8 16 15 4 32 34 39 20 47 22 16 0 24 34 16 24 30 2 22 8 43 10 23 17 16 25 30 33 3 25 3 24 14 48 43 47 13 3 8 34 5 21 49 32 46 22 47 20 48 7 19 45 37 17 31 19 3 24 40 8 3 22 42 17 12 33 26 20 26 23 43 32 49 26 17 4 
28 19 9 10 5 39 48 13 47 24 30 1 12 13 7 11 33 5 45 39 12 11 47 18 41 4 1 11 33 6 37 9 25 32 40 44 41 38 16 6 44 8 16 25 7 24 40 23 41 11 24 5 34 14 2 10 42 16 48 25 0 27 20 1 18 18 38 45 16 27 24 48 11 36 15 41 21 46 48 46 8 8 1 46 20 4 6 0 10 8 14 4 4 34 42 32 26 42 34 0 
23 22 36 47 41 15 21 27 20 25 6 14 13 43 2 23 1 45 38 0 11 27 35 17 3 18 22 19 11 26 3 5 18 14 43 40 24 3 46 3 1 18 43 18 12 19 10 33 14 39 23 1 49 46 13 24 33 11 28 47 35 10 33 33 17 6 35 37 29 44 34 25 28 17 28 5 24 27 1 27 8 30 0 42 35 31 4 29 1 7 34 14 34 19 15 12 41 14 4 45 
1 29 4 33 12 30 10 48 26 16 43 7 47 38 21 39 10 5 35 9 19 48 20 44 23 27 23 48 14 15 8 39 40 23 28 21 38 41 15 43 47 3 14 4 23 5 45 25 44 30 2 31 11 18 6 0 6 35 15 0 44 17 37 27 42 39 48 47 11 18 42 22 22 29 44 23 36 17 1 19 26 1 21 33 32 21 25 29 11 43 31 24 32 16 2 46 32 42 46 21 
15 49 14 44 47 5 20 15 7 36 4 29 39 32 37 11 42 29 5 34 39 48 2 9 14 46 3 7 0 42 26 10 46 24 49 46 48 4 21 25 1 22 39 31 24 2 33 12 38 12 25 35 45 16 28 16 6 37 29 30 40 15 7 14 45 5 46 40 44 35 9 24 35 4 6 20 31 28 29 38 14 46 20 22 8 34 35 25 41 40 49 15 20 36 47 3 16 41 29 44 
32 27 9 47 33 36 14 7 47 19 6 38 16 46 25 26 3 9 23 8 43 49 20 9 36 2 4 40 37 8 39 40 5 38 30 21 35 19 46 18 39 39 42 45 44 13 17 40 18 20 38 47 38 33 22 6 28 44 36 4 5 3 36 34 0 17 46 19 1 40 39 46 43 14 3 18 20 41 34 16 49 20 33 27 29 49 8 7 20 30 35 47 30 20 46 10 37 4 46 29 
47 39 46 18 22 35 18 34 43 9 11 2 3 8 12 2 36 11 48 43 48 43 19 1 12 15 24 49 10 24 5 6 48 43 7 44 7 17 29 20 8 37 23 10 40 47 45 32 45 33 4 10 44 2 32 36 11 19 12 10 48 25 37 46 25 15 25 38 1 48 23 31 21 32 9 12 14 26 34 39 46 17 30 35 16 16 3 41 6 16 49 46 27 2 44 37 29 27 2 35 
4 48 21 0 25 10 44 46 31 46 33 35 15 0 3 42 26 37 2 31 47 49 49 37 25 20 4 34 24 19 44 14 0 14 21 48 19 34 48 13 44 7 36 26 21 29 5 48 21 24 47 12 38 29 18 49 2 28 19 9 22 43 13 11 42 19 33 25 26 34 46 10 48 30 21 31 5 1 43 2 11 13 1 20 26 0 37 2 15 13 40 29 41 21 11 16 13 16 32 34 
32 14 7 1 0 17 27 6 31 7 49 20 46 19 6 30 11 46 38 29 15 46 3 3 46 34 33 32 44 29 44 5 13 16 34 6 10 35 34 45 23 7 31 12 45 23 46 34 17 29 38 41 21 30 42 11 2 5 37 28 4 1 39 12 17 32 36 5 41 24 0 23 19 25 22 39 25 42 27 34 28 19 31 29 23 18 23 7 48 2 30 15 21 34 31 12 43 26 7 36 
40 1 46 22 47 41 26 24 24 41 49 12 39 14 42 14 18 9 31 37 44 49 27 37 8 40 22 34 43 38 32 27 27 28 24 6 38 2 6 39 25 22 24 6 31 4 4 7 35 42 10 4 44 16 28 24 14 24 48 28 47 22 40 7 5 20 47 13 19 29 44 5 39 14 18 18 40 11 27 47 22 26 31 33 32 28 2 31 13 28 28 14 20 48 44 5 39 23 33 19 
39 10 6 5 17 31 48 35 20 33 46 49 30 26 11 30 35 47 21 39 30 18 12 39 44 42 43 33 5 36 6 38 34 46 8 9 40 38 10 19 43 19 32 1 24 19 49 5 1 21 17 17 12 21 40 1 29 49 28 9 48 0 40 22 30 25 23 35 30 24 36 16 31 35 12 38 18 27 8 28 12 47 49 15 23 16 26 10 6 13 21 8 27 18 30 38 9 43 41 44 
25 46 10 34 49 20 27 45 45 43 0 6 3 29 20 45 32 6 24 31 27 5 21 45 6 21 4 41 36 24 31 31 6 20 4 40 15 28 13 24 14 7 6 34 8 18 6 22 46 14 25 1 32 9 17 49 26 36 1 22 48 17 32 8 16 39 11 31 15 18 25 41 38 21 6 22 29 18 21 0 11 9 17 38 46 42 26 24 46 12 7 6 42 38 21 27 26 46 17 11 
46 20 15 33 43 46 34 6 28 11 39 38 14 36 32 24 43 46 33 30 47 5 40 40 34 24 2 43 17 8 12 5 22 2 17 3 16 18 40 13 34 9 44 11 30 47 4 20 17 16 12 24 5 6 7 0 14 41 10 13 39 14 24 21 31 19 41 20 26 21 47 30 22 22 24 7 27 23 31 22 37 5 4 5 27 39 46 7 28 11 1 44 37 37 22 3 32 11 13 2 
35 30 3 23 23 42 28 47 38 12 27 28 17 31 20 13 30 5 49 17 36 31 1 30 12 37 32 34 35 21 18 25 18 40 14 42 39 11 44 15 6 39 31 12 45 2 47 16 48 30 22 6 27 13 48 29 2 0 47 20 34 25 6 42 45 24 42 1 2 43 29 10 8 42 29 8 47 30 40 15 38 13 21 37 42 26 22 21 37 20 28 38 20 35 48 28 15 5 37 35 
22 31 47 18 42 34 43 39 21 49 6 45 2 8 30 22 43 2 46 30 10 1 3 4 23 1 37 3 45 48 10 29 44 11 18 22 15 35 11 14 9 37 37 9 5 12 1 10 22 35 12 10 47 14 28 6 37 43 12 21 14 14 13 17 47 14 38 37 12 26 43 32 29 34 22 47 38 5 5 30 29 11 11 44 24 24 26 21 24 36 20 35 11 1 46 21 26 16 47 21 
45 39 34 28 14 31 12 33 28 14 40 5 48 25 26 14 17 22 19 24 9 16 39 30 4 4 35 0 39 33 11 19 1 45 30 44 45 17 16 16 40 48 38 10 42 17 48 35 36 15 35 43 35 38 2 28 33 17 20 32 46 10 19 31 28 49 45 42 31 46 1 43 12 26 34 22 47 14 12 6 35 34 34 20 31 30 28 26 43 23 25 17 33 9 32 7 39 28 27 33 
17 29 21 8 47 31 3 0 39 29 12 21 10 3 38 38 41 8 6 33 3 16 36 17 44 39 48 34 26 17 24 9 20 41 1 49 45 26 29 11 45 20 31 0 33 9 25 25 27 17 33 9 30 45 8 2 10 41 31 27 47 45 1 24 13 40 46 22 17 42 15 36 15 2 6 46 2 49 34 22 27 29 7 46 33 8 43 34 12 43 34 17 4 23 20 47 47 11 8 5 
10 40 15 12 19 24 3 42 1 26 5 24 40 9 19 1 48 34 21 25 1 1 9 22 6 23 45 12 35 44 34 2 8 11 1 35 28 46 21 42 20 4 46 36 13 40 10 19 32 13 27 16 15 39 1 18 26 12 26 17 13 31 10 8 41 3 14 5 20 40 18 9 13 49 49 44 1 10 21 8 22 14 20 40 32 33 17 25 27 38 15 48 43 46 47 42 27 16 6 9 
1 18 11 32 49 32 40 16 42 32 3 13 34 48 46 44 34 39 3 39 9 46 45 49 28 1 1 18 8 11 44 9 4 10 44 39 35 3 16 22 46 9 24 33 31 18 48 7 2 19 32 20 40 19 46 34 14 20 1 10 33 46 9 27 39 7 39 4 15 30 35 48 45 11 1 32 42 21 28 12 21 18 42 31 41 0 30 43 16 9 48 36 39 3 30 18 12 48 13 48 
28 17 13 21 15 34 47 8 39 32 32 13 16 13 5 30 38 19 11 11 18 24 24 36 11 34 48 40 42 43 8 6 28 34 2 15 5 14 23 0 5 40 1 8 5 48 35 26 15 5 35 31 16 1 32 44 43 42 1 33 41 9 17 32 22 12 8 41 41 47 44 43 35 16 17 10 28 20 22 12 48 33 10 40 12 30 25 9 0 47 4 30 1 19 12 35 41 25 48 17 
37 38 28 23 21 37 16 12 31 48 13 40 21 16 30 43 12 27 40 8 7 19 15 6 1 7 4 18 42 25 4 35 22 2 22 29 44 33 40 18 1 10 18 11 46 1 8 15 41 18 14 27 42 49 16 13 43 22 32 49 10 43 36 10 36 45 49 46 37 47 39 2 36 45 18 41 47 17 16 40 22 21 33 46 26 8 41 5 47 4 6 30 15 34 34 49 40 36 6 6 
34 25 49 39 26 29 24 32 2 7 48 19 9 29 0 36 36 15 25 49 39 17 43 0 21 20 48 34 34 10 8 27 38 6 2 23 10 34 19 28 5 32 25 22 28 34 11 8 43 1 4 32 24 17 12 28 25 44 13 27 0 41 44 0 48 38 35 34 6 28 44 35 28 45 11 13 1 31 46 47 11 5 23 32 34 17 12 10 32 32 20 35 9 8 31 28 18 10 30 21 
6 29 41 7 5 43 10 19 0 40 45 13 8 36 41 15 19 21 14 37 31 34 3 18 35 35 37 9 3 12 29 7 0 2 29 9 30 47 0 10 28 4 28 48 2 21 17 26 26 46 30 26 25 47 45 26 34 14 33 15 38 40 9 36 19 49 3 12 3 36 15 31 15 29 40 5 18 43 28 5 33 30 9 15 6 30 41 2 8 7 22 19 32 33 26 14 40 48 42 3 
48 29 39 49 26 27 19 9 4 48 8 18 20 17 49 28 24 2 27 13 3 42 8 22 21 36 39 14 26 33 23 4 2 30 42 47 41 8 28 16 24 23 46 32 6 31 26 8 28 22 28 27 0 7 32 21 14 4 43 20 33 23 44 29 35 42 21 34 26 34 36 44 21 30 28 34 39 31 24 6 16 23 5 48 2 14 44 24 4 2 30 21 35 2 24 6 25 7 44 1 
30 7 0 48 44 48 2 30 9 41 47 44 42 6 36 14 43 25 46 29 39 1 10 25 14 30 32 4 3 34 33 42 37 33 26 17 40 3 41 28 43 30 36 44 0 40 37 28 15 4 32 23 36 10 20 32 47 11 21 42 44 25 22 27 33 4 35 18 27 20 11 27 1 10 47 17 30 36 19 3 12 7 30 49 13 1 24 11 29 3 12 45 42 41 35 34 20 30 3 21 
14 28 7 13 25 19 3 22 26 21 41 17 20 12 5 5 13 26 12 17 43 27 9 39 22 49 41 31 25 15 8 2 12 8 34 34 2 0 13 41 4 34 43 0 2 1 5 12 0 40 0 30 45 15 5 24 39 16 48 32 12 33 12 42 1 7 10 19 44 41 28 19 27 13 16 27 18 12 29 49 2 36 8 10 13 4 9 34 18 7 2 29 25 33 36 4 10 10 49 17 
11 25 1 23 30 19 26 47 40 47 26 11 1 15 2 34 25 37 36 45 20 35 23 15 31 44 28 38 30 46 42 8 4 31 40 1 32 2 5 10 3 3 15 1 48 1 14 16 9 42 41 11 9 47 25 34 14 48 12 38 32 32 7 10 9 49 18 38 12 41 42 30 37 12 9 20 20 39 23 36 8 24 36 21 45 24 45 14 48 36 3 18 14 37 16 12 12 8 12 42 
20 28 27 11 19 45 32 15 34 6 13 7 18 34 46 38 17 11 11 26 27 22 32 22 0 24 25 8 7 49 16 27 0 40 38 36 23 40 47 49 20 41 42 6 5 2 43 22 21 25 28 36 46 22 43 38 33 44 14 11 26 14 27 37 6 33 33 40 49 24 41 2 48 38 41 3 28 0 25 15 5 19 43 18 36 14 2 21 5 26 27 10 18 41 49 0 22 49 8 35 
15 19 7 36 13 12 25 26 6 16 22 32 29 45 41 30 4 9 26 20 34 23 27 0 48 22 25 0 22 27 8 9 9 9 40 39 19 23 26 42 27 8 44 44 32 13 12 36 26 35 33 21 36 31 2 30 36 11 39 0 38 28 34 7 4 4 20 34 34 32 49 41 2 8 6 24 9 6 39 40 30 47 47 8 31 29 34 49 32 47 43 49 31 25 0 12 3 0 22 6 
26 10 46 47 40 36 0 48 15 26 16 27 0 13 31 9 13 11 23 26 24 25 4 37 47 49 39 2 26 11 9 28 25 25 0 3 20 33 37 36 10 14 1 3 23 43 25 20 32 46 13 32 18 45 32 34 30 45 39 37 36 15 46 13 39 39 47 48 14 14 42 19 25 45 38 6 36 13 20 1 49 4 33 26 25 38 8 30 49 44 9 47 16 14 46 38 14 27 6 40 
10 5 21 28 47 37 44 8 28 0 16 37 13 36 47 22 7 35 24 43 43 4 3 41 7 2 8 2 10 11 22 39 26 21 17 19 10 5 35 34 5 18 40 15 49 9 39 37 28 14 7 11 45 27 14 14 31 12 11 24 33 13 3 26 17 2 6 26 37 1 36 33 31 48 39 11 20 40 1 43 19 28 34 11 39 48 15 22 46 5 1 12 3 20 49 36 33 33 23 38 
19 28 41 3 10 30 17 23 0 2 17 44 46 19 21 44 22 13 44 25 12 3 16 1 18 30 17 31 36 26 16 6 26 29 24 31 26 6 23 40 25 2 17 41 46 19 37 40 11 31 17 14 22 1 12 10 32 48 2 35 25 16 11 26 9 41 12 29 34 43 22 35 49 9 34 43 9 19 19 7 12 48 27 33 35 26 2 25 10 12 34 3 8 39 33 15 41 29 44 33 
1 49 11 5 42 42 10 8 31 47 48 36 16 7 4 46 6 38 42 12 37 27 10 7 29 35 34 34 32 45 34 8 46 47 19 38 13 44 29 22 17 46 5 28 20 36 32 46 45 10 29 34 27 33 12 9 10 46 28 27 1 5 47 12 11 35 19 14 9 48 33 24 1 16 40 18 23 42 29 8 17 6 44 6 43 11 43 38 44 20 14 11 19 0 18 0 28 26 0 0 
30 5 14 8 13 17 28 48 49 22 1 46 37 44 0 13 25 40 35 26 14 3 13 0 44 12 7 13 3 0 20 15 45 47 3 18 19 19 29 16 36 25 46 36 1 46 6 49 8 49 9 33 29 23 11 20 47 23 41 47 1 5 6 39 2 39 26 31 9 26 43 31 7 38 35 25 13 40 23 46 21 45 36 19 1 30 32 39 17 42 14 46 19 9 37 10 38 1 45 26 
46 37 18 0 12 12 44 46 45 34 23 45 11 47 40 40 5 26 28 21 6 49 27 36 32 10 39 45 18 14 46 45 27 40 0 1 3 32 7 47 35 42 11 19 12 18 39 8 8 41 4 34 15 17 46 30 26 30 41 3 27 4 37 28 5 42 26 19 14 9 30 4 44 36 2 38 19 15 30 36 18 48 47 1 15 4 43 40 39 37 9 31 10 8 39 10 11 19 32 32 
34 24 21 38 19 8 30 44 23 13 45 8 11 35 35 11 3 38 3 19 5 1 25 39 35 19 20 33 34 19 43 44 46 40 23 27 36 48 2 8 2 45 2 14 16 17 4 34 38 38 18 4 9 0 20 23 26 6 41 3 31 35 12 3 1 18 36 35 44 36 8 35 9 44 7 32 37 46 45 32 36 0 48 20 15 39 27 10 10 29 41 39 17 1 24 43 39 6 14 29 
38 38 28 35 27 36 4 47 36 3 10 38 21 26 15 24 41 13 40 41 38 14 19 10 30 4 20 12 21 23 15 3 33 39 13 11 21 14 47 0 39 12 31 21 46 39 17 39 46 32 18 38 27 18 23 0 6 47 42 33 6 25 35 11 13 13 36 26 3 2 10 3 14 20 48 12 18 24 18 45 42 19 14 15 48 30 48 17 2 6 19 11 26 49 24 45 40 31 43 36 
39 27 38 23 22 2 36 41 42 39 28 34 1 10 15 4 19 39 32 46 42 20 42 35 6 19 0 9 28 19 4 49 38 21 45 28 39 26 13 14 21 46 32 15 24 46 8 35 29 38 32 31 6 22 5 3 41 2 44 19 46 32 23 10 8 7 9 42 43 8 42 0 25 24 24 25 43 25 44 42 5 11 27 39 43 38 25 13 22 33 44 22 48 48 7 42 15 10 7 48 
37 10 46 22 8 47 46 10 46 6 45 0 39 44 7 36 27 30 16 29 9 1 8 44 26 26 21 31 47 13 2 11 20 42 48 48 5 41 11 32 42 49 10 8 31 22 49 16 46 14 21 42 0 40 39 37 19 15 23 14 31 7 10 17 8 4 40 43 34 17 6 23 33 38 35 34 0 3 0 4 15 28 32 14 49 0 31 10 27 45 25 6 12 35 42 42 46 14 1 7 
49 21 11 4 41 15 6 38 26 10 48 11 30 1 1 27 3 38 10 25 24 28 34 29 33 20 44 45 25 6 47 43 18 4 5 0 30 16 19 18 37 31 45 15 11 44 23 17 6 27 18 12 45 8 24 37 28 1 31 48 30 46 46 48 16 36 38 27 37 49 48 0 35 23 44 36 25 41 32 39 26 29 25 45 16 47 39 41 46 37 33 23 3 17 11 35 10 18 33 9 
8 32 34 24 28 2 12 43 26 45 35 43 24 44 35 14 35 11 18 18 26 33 45 9 38 25 29 41 31 38 22 39 23 39 1 29 36 27 43 16 10 41 2 19 25 37 36 19 33 32 3 44 30 36 24 21 23 29 12 38 41 35 38 5 41 24 35 26 13 41 10 8 32 9 44 46 31 45 23 34 24 11 25 40 9 33 36 7 49 43 15 8 9 46 8 9 36 32 12 43 
39 9 45 47 8 0 6 31 47 25 40 1 2 19 28 41 20 33 25 1 26 48 5 23 22 28 48 16 38 25 23 16 28 32 41 29 12 16 28 39 36 45 7 16 27 32 7 1 1 16 12 45 36 30 37 2 32 46 6 27 30 40 40 10 2 39 8 21 44 3 47 1 1 30 4 27 42 1 33 4 33 23 6 28 4 49 0 11 26 39 14 42 40 25 10 26 39 3 27 3 
45 46 44 30 39 6 29 44 43 18 10 5 39 12 27 19 34 12 21 31 9 14 18 1 46 3 16 39 36 5 29 38 25 33 46 29 8 0 45 28 32 18 7 35 10 33 20 6 24 29 26 3 3 48 3 9 27 0 3 23 41 4 24 39 8 1 20 15 45 2 28 45 6 27 18 42 12 43 18 21 48 23 12 11 35 40 11 33 11 21 11 18 0 9 22 14 19 30 14 14 
36 3 32 35 47 30 49 42 13 46 35 29 7 38 32 29 26 7 20 45 44 39 1 15 28 11 38 9 0 10 11 27 10 20 15 13 41 3 2 0 11 34 26 17 6 38 37 18 7 26 17 37 36 2 13 39 40 16 35 30 11 31 1 48 28 6 36 18 47 18 11 21 35 46 19 25 2 49 30 21 12 39 24 14 36 47 15 12 12 34 25 2 15 35 26 14 26 46 7 4 
43 45 21 36 5 13 13 33 25 4 35 16 27 33 32 34 34 3 14 4 45 26 41 38 6 12 20 0 33 43 11 27 33 32 0 23 17 44 1 41 10 23 15 28 16 46 18 7 42 6 25 8 16 48 2 4 42 15 41 8 34 42 39 28 18 47 29 0 10 8 4 16 8 5 13 34 38 49 44 2 49 10 20 21 22 5 46 14 10 36 38 43 30 24 27 1 26 28 7 40 
1 2 34 15 27 48 42 22 35 38 6 8 7 0 26 24 24 18 0 28 14 26 3 26 49 6 23 16 25 5 3 42 29 19 24 30 23 20 45 14 41 20 3 49 45 11 14 43 24 25 43 23 12 35 27 9 0 25 8 32 34 30 30 10 49 1 26 23 33 33 8 33 35 8 37 13 3 47 23 4 44 10 39 16 25 8 39 18 38 36 30 44 49 25 40 7 25 39 26 7 
19 8 46 20 22 41 25 30 9 42 36 40 45 20 48 47 35 33 14 0 21 27 3 46 4 47 20 30 39 17 36 41 31 21 22 23 13 38 4 13 11 48 40 38 34 47 42 45 16 5 9 41 18 45 27 16 18 6 39 8 12 44 48 9 49 31 11 9 31 10 43 43 19 40 23 6 28 9 29 34 44 40 20 10 16 30 2 3 29 9 45 26 3 30 17 11 45 9 46 15 
14 10 11 36 28 4 40 36 42 37 16 10 9 9 4 40 23 11 30 17 41 18 35 9 3 0 5 3 2 41 0 13 42 43 26 32 22 7 18 4 38 20 13 38 29 12 34 15 26 12 14 45 16 14 49 48 41 18 47 24 32 27 43 23 16 18 31 18 14 29 16 30 3 2 16 48 24 31 25 32 6 24 28 27 14 21 4 22 43 25 40 49 39 5 6 34 5 2 6 47 
28 45 23 10 38 34 5 3 21 18 27 15 25 28 32 17 16 24 42 17 46 43 1 16 20 43 6 13 12 16 27 15 18 1 35 5 9 34 6 39 33 15 45 19 44 45 44 40 35 12 26 3 15 15 34 11 19 15 23 2 30 44 34 36 1 1 43 26 37 47 2 32 17 16 41 5 24 29 20 49 21 7 39 36 34 26 42 22 31 23 9 15 33 13 5 40 21 41 48 43 
29 10 9 23 45 39 29 49 24 40 45 10 12 9 1 35 12 35 23 6 0 13 27 49 14 11 19 16 40 7 21 46 1 28 45 29 21 8 37 39 10 1 1 1 14 46 21 21 0 39 27 48 0 45 31 47 48 21 26 9 18 43 11 29 3 5 26 18 5 1 3 8 49 9 30 41 21 44 8 49 6 23 42 38 36 0 24 44 49 15 14 37 2 15 38 0 16 12 8 6 
21 39 14 23 26 2 32 18 44 3 1 32 19 24 31 13 24 37 21 6 7 44 39 0 46 33 27 1 32 40 26 6 40 45 12 46 19 44 3 5 48 5 31 22 42 7 20 43 20 42 13 29 27 46 34 49 34 15 36 37 25 28 22 2 40 13 24 8 29 24 8 40 10 14 8 27 27 11 14 26 48 28 49 24 31 7 47 26 39 15 31 7 9 22 36 28 29 24 13 48 
6 43 49 15 46 10 39 35 5 24 37 23 32 22 41 36 21 30 3 27 45 35 42 5 16 16 46 5 14 34 10 12 9 8 14 45 46 20 31 29 49 47 23 4 5 4 2 28 13 0 37 14 22 15 15 15 29 13 42 2 35 49 1 38 3 31 25 10 24 25 7 44 19 14 3 28 30 43 11 6 17 30 16 1 3 40 9 0 44 40 12 5 15 36 11 33 5 35 4 41 
35 39 24 43 8 44 39 45 11 25 46 14 47 41 15 10 6 38 36 47 39 4 27 42 46 23 37 24 32 44 10 11 16 15 3 4 33 31 44 21 8 26 6 17 19 2 48 31 23 46 27 25 33 22 13 30 22 7 20 37 4 5 28 12 24 21 33 47 22 44 5 1 33 24 13 47 43 2 0 34 47 3 13 12 31 44 34 38 32 26 33 22 25 44 26 26 3 28 34 19 
18 43 43 22 10 29 11 41 0 39 45 49 8 15 28 14 19 32 32 42 10 42 3 14 44 14 33 47 9 2 13 1 36 28 39 30 20 33 33 2 38 39 43 44 16 15 15 16 6 49 25 20 6 19 22 32 39 22 10 30 6 26 23 0 13 22 13 5 37 18 24 42 41 49 10 5 49 28 23 13 45 44 12 34 42 29 41 31 24 5 21 15 23 22 38 48 1 9 44 4 
31 10 32 38 38 42 3 33 46 24 33 29 9 6 33 47 10 44 15 37 21 26 13 49 24 2 19 29 2 21 4 13 3 25 49 46 4 17 10 44 48 3 44 32 12 3 42 43 39 2 37 12 33 14 23 7 1 12 47 40 30 34 1 23 3 7 11 15 43 46 27 20 6 35 37 9 7 2 33 1 10 20 36 44 5 46 41 10 19 20 47 46 24 44 5 38 34 26 33 37 
46 22 0 20 30 6 41 49 3 9 16 44 46 30 6 23 42 5 29 5 40 36 24 37 2 20 36 4 0 48 12 39 22 2 7 3 35 22 22 47 46 10 24 5 41 3 6 23 36 24 28 1 8 22 1 37 38 44 29 8 5 30 36 36 16 9 49 49 6 39 49 45 15 10 39 33 21 1 21 15 8 32 41 30 39 0 15 45 37 0 8 17 48 32 11 20 16 13 39 42 
49 27 5 15 7 35 23 37 34 16 14 15 7 10 16 6 42 37 10 48 12 9 37 31 2 39 36 24 41 36 37 2 8 16 27 16 6 49 8 25 35 45 38 44 37 10 22 38 39 25 37 40 30 42 42 8 22 38 13 22 32 33 48 34 28 1 26 41 47 35 30 25 41 38 26 47 5 37 41 25 14 7 13 48 44 0 47 21 45 9 29 1 7 31 5 27 14 36 38 48 
43 42 48 36 31 34 48 38 6 37 29 9 24 25 27 35 2 1 39 0 48 1 35 3 21 23 22 13 16 12 32 27 22 31 38 31 27 42 9 9 14 11 37 44 11 29 0 15 43 4 34 15 6 23 11 24 9 0 30 22 28 39 5 0 35 9 20 46 1 32 36 41 14 9 41 2 0 6 10 18 8 25 40 39 19 45 14 2 4 32 25 9 32 28 8 1 45 3 22 39 
29 26 34 5 45 20 1 26 49 10 8 29 15 0 15 17 23 45 49 11 14 9 6 27 10 37 32 2 7 6 22 8 18 16 12 3 29 1 9 23 20 24 41 9 12 28 9 35 19 33 5 29 15 20 40 16 36 48 19 10 1 44 30 38 22 20 32 0 11 31 23 3 6 21 38 26 22 29 19 43 5 9 39 32 40 30 34 30 42 13 30 14 44 42 34 34 37 8 37 49 
46 9 6 10 30 1 36 17 15 21 21 18 14 17 34 2 6 18 8 39 19 43 30 44 15 6 49 46 42 34 0 44 29 30 25 1 24 34 25 21 49 49 7 44 40 45 2 43 30 42 29 28 37 12 2 48 2 41 35 28 5 20 34 43 32 17 14 19 30 16 38 22 14 12 17 13 5 21 12 0 19 29 15 16 1 35 17 14 6 41 12 33 40 8 44 47 31 5 14 2 
18 1 38 34 32 21 11 21 38 3 19 17 17 41 38 3 21 28 13 6 30 23 25 4 36 9 38 43 0 1 47 40 30 37 34 0 7 11 29 12 37 18 10 21 15 7 30 5 31 2 11 32 20 27 43 45 29 20 17 25 28 44 46 39 12 18 17 47 47 32 23 24 30 41 0 37 26 33 25 23 17 15 36 25 41 3 28 36 49 43 30 24 15 31 1 4 44 48 36 39 
14 1 44 33 33 30 1 23 16 38 30 34 25 22 45 32 4 22 45 19 5 13 20 3 47 3 11 40 7 27 41 41 16 24 16 49 12 36 42 4 2 13 11 26 6 37 45 31 25 34 13 5 9 38 18 14 21 41 13 25 33 0 23 44 15 28 13 14 28 37 8 46 11 43 20 49 33 26 9 24 35 25 12 27 23 38 28 33 30 31 11 3 7 3 9 34 25 28 14 46 
36 39 28 7 47 23 33 13 42 27 5 24 35 38 1 21 49 48 33 49 47 18 33 36 3 3 7 11 46 40 41 41 26 47 29 29 25 28 22 1 3 1 22 26 43 48 46 9 46 38 12 27 41 6 26 43 5 30 21 0 6 23 28 10 22 13 8 18 14 21 6 38 24 48 19 5 26 33 48 2 34 21 0 25 20 34 6 41 32 27 42 18 15 45 15 33 6 38 1 10 
48 19 19 10 25 15 27 5 33 7 39 8 41 33 44 44 40 40 21 16 34 20 30 23 18 48 2 4 14 18 19 16 30 5 11 41 43 23 47 18 24 15 19 13 6 20 7 33 48 13 27 1 49 49 12 25 15 41 27 26 7 43 47 27 31 39 24 37 14 10 25 33 32 17 19 15 5 26 33 2 4 34 28 38 27 11 11 43 14 23 24 15 45 19 48 18 13 10 40 13 
37 29 38 25 28 33 9 22 24 1 39 27 2 46 36 43 24 28 19 40 18 41 20 41 12 18 29 21 41 8 6 12 46 41 47 44 21 4 13 28 42 1 14 41 44 16 32 15 49 5 27 35 48 0 3 26 39 42 20 28 4 10 44 38 47 4 19 12 12 40 41 21 29 12 29 5 29 27 4 22 37 38 1 36 23 19 41 48 6 14 10 25 29 4 19 39 41 42 17 26 
27 36 11 35 49 21 15 1 0 16 32 3 29 49 27 33 9 11 0 31 16 18 44 43 30 29 6 4 6 13 48 35 4 34 5 42 21 48 20 27 0 42 6 9 28 16 42 43 5 29 6 2 33 1 33 3 6 37 8 2 36 47 42 2 20 1 49 32 35 36 49 20 15 32 46 19 9 43 37 33 10 30 32 31 13 1 20 30 4 29 26 7 25 21 32 11 6 45 32 19 
41 9 45 33 14 31 29 28 45 13 2 8 6 11 28 36 27 30 7 44 44 27 24 33 5 32 11 38 21 9 6 44 25 15 31 40 14 26 49 9 11 46 33 40 44 3 30 30 18 49 3 43 5 46 5 33 47 42 3 32 46 44 13 23 20 1 48 44 7 7 18 27 31 21 24 41 1 38 22 19 47 36 13 37 29 13 37 49 44 3 49 6 43 7 9 14 45 29 35 18 
18 15 6 39 13 14 7 39 4 37 6 3 21 16 6 42 19 45 14 7 14 49 13 36 38 7 44 40 39 12 2 38 36 34 11 12 32 3 30 49 13 2 41 27 35 6 21 34 25 5 39 48 5 23 0 18 14 1 9 36 16 1 26 9 29 1 31 47 34 31 12 36 6 2 1 20 4 42 21 28 23 34 48 31 41 29 36 40 40 2 24 48 10 30 8 33 12 26 14 28 
9 38 39 33 14 35 6 18 32 16 8 3 11 5 34 20 28 13 43 10 37 41 7 48 7 23 9 12 18 24 47 1 30 9 14 45 30 0 24 37 41 40 49 35 16 49 22 7 13 18 34 40 0 27 22 12 2 6 18 46 11 2 46 4 37 31 10 18 47 12 33 44 42 29 9 24 19 3 2 13 46 10 15 49 3 24 6 13 2 25 25 21 4 23 17 26 18 12 44 36 
28 36 14 42 47 2 5 41 31 41 0 18 37 46 33 16 47 17 47 26 48 32 33 41 30 8 11 42 28 27 25 31 15 0 17 39 35 8 10 5 44 14 21 25 27 2 48 1 11 2 12 41 34 17 29 45 49 20 32 43 39 19 36 24 47 14 20 27 6 12 14 41 28 30 15 10 0 40 19 14 39 10 44 46 48 48 42 16 22 44 8 14 49 8 1 28 33 3 49 3 
40 26 16 9 8 40 16 43 17 46 7 9 14 7 4 14 18 35 9 34 18 45 21 12 7 28 11 36 41 32 28 5 48 26 47 23 38 22 26 3 12 40 42 20 43 30 41 8 2 33 34 23 32 14 19 15 45 21 9 19 26 11 27 25 16 18 32 36 48 1 45 10 3 32 15 29 18 43 29 10 17 11 40 29 47 0 8 2 47 43 23 7 29 4 11 4 2 9 36 19 
34 38 7 49 33 28 27 13 20 33 15 30 41 33 30 40 1 30 4 31 8 47 7 30 16 30 30 37 24 11 46 42 44 6 17 33 34 34 9 39 38 28 27 16 4 38 33 12 40 13 44 10 22 2 32 42 42 38 48 20 46 43 40 15 42 9 35 18 34 25 8 25 4 3 19 49 23 38 12 10 33 32 14 18 31 16 34 10 48 9 25 11 15 41 37 35 48 15 17 36 
7 45 42 3 37 7 5 24 44 14 3 21 43 21 44 2 45 40 18 31 38 17 39 26 36 42 34 17 40 23 1 29 9 37 14 10 26 29 18 11 2 28 21 27 19 25 10 0 13 47 11 12 39 47 5 42 41 30 35 13 28 40 47 38 13 43 10 3 5 34 4 18 31 41 1 40 22 0 48 12 24 37 25 33 34 7 39 0 28 25 3 40 6 46 24 10 8 34 32 31 
25 35 44 30 41 35 30 19 26 9 45 19 19 35 21 22 40 34 13 14 7 11 4 3 14 21 14 29 43 18 38 22 13 47 21 47 47 40 5 29 29 24 27 49 12 21 18 16 1 28 13 16 34 14 43 44 22 2 39 7 24 18 12 10 30 16 4 43 10 44 3 45 8 6 18 14 28 13 33 20 17 42 29 13 6 28 24 8 40 10 11 24 17 49 25 6 26 27 24 31 
35 19 28 39 30 26 18 31 16 25 35 19 10 17 47 40 27 29 45 3 2 8 28 21 48 27 1 33 15 48 17 6 27 45 41 15 8 15 28 39 12 23 47 33 15 46 44 19 7 47 47 25 41 22 22 13 12 12 3 23 29 2 36 22 15 16 35 28 7 18 10 10 28 14 14 18 4 36 14 2 9 14 18 22 37 41 44 40 30 26 36 24 37 10 41 17 22 14 27 1 
1 0 43 12 48 44 4 19 33 20 37 37 3 30 15 22 32 41 24 45 15 34 14 1 19 29 26 18 43 47 20 32 19 36 0 39 4 39 42 9 29 3 15 13 46 7 42 13 35 35 12 42 21 35 46 31 27 7 32 40 5 28 42 34 18 35 39 22 41 47 7 46 11 4 22 21 30 15 33 24 29 43 30 49 28 26 40 11 0 25 31 11 0 25 6 21 18 42 6 12 
27 13 39 2 20 30 25 9 13 31 19 6 36 30 20 19 46 8 17 21 7 18 6 3 14 21 35 45 14 5 46 1 49 41 43 6 13 15 38 29 44 15 12 21 49 33 1 42 44 5 5 17 49 19 0 27 25 20 38 48 29 32 45 8 5 47 41 27 8 30 13 0 0 2 1 39 35 49 13 39 18 17 24 46 39 49 15 45 2 27 12 34 19 34 9 45 31 1 42 9 
21 41 42 15 4 24 14 29 15 46 26 26 26 2 29 7 43 11 9 41 28 14 18 13 11 13 30 20 10 15 6 3 39 19 47 38 41 40 20 0 18 10 44 7 5 19 18 2 41 2 33 44 4 22 32 40 26 11 4 14 48 4 19 30 15 27 7 19 30 46 26 15 22 48 5 23 11 22 7 8 2 3 25 42 48 42 19 0 4 41 13 5 5 2 14 20 46 17 46 40 

34 2 36 38 23 37 44 49 2 10 33 32 40 7 15 29 12 26 22 28 26 41 24 36 43 12 5 25 43 44 46 30 15 26 29 41 18 21 47 47 16 15 45 27 25 25 39 31 0 0 38 16 49 28 5 43 49 42 15 36 2 6 23 20 47 15 40 21 33 46 8 37 26 16 1 8 19 12 3 38 5 24 0 30 15 41 34 32 11 41 22 0 46 49 33 46 5 42 48 13 
44 31 39 10 11 17 47 20 23 43 17 8 43 30 46 41 33 49 7 18 13 1 40 29 14 20 41 8 23 41 34 47 17 29 32 16 19 28 33 46 6 41 10 16 4 48 7 21 0 21 18 34 48 28 30 12 44 28 7 23 32 20 41 44 1 47 16 24 0 41 34 37 31 20 0 40 9 4 10 9 24 14 42 2 46 32 32 20 41 20 47 43 0 30 6 8 5 13 21 40 
12 10 3 34 30 13 3 34 28 20 18 36 38 9 5 38 9 11 35 3 22 35 15 0 19 8 27 38 4 34 47 28 21 41 16 18 4 34 27 31 49 22 22 26 35 19 21 5 24 31 27 49 31 8 47 15 40 6 29 25 46 20 14 29 5 16 13 4 40 16 2 9 23 9 38 4 18 1 8 9 25 32 7 27 5 8 35 19 47 5 49 19 24 35 42 10 11 39 27 18 
10 25 21 8 38 24 37 18 45 36 48 38 40 34 8 28 1 34 8 46 36 2 21 42 15 10 5 37 10 18 2 45 47 8 2 12 44 47 38 44 19 13 18 45 32 35 10 12 23 33 2 44 29 9 30 45 23 49 5 32 18 9 13 30 4 30 31 13 38 21 38 35 33 31 48 31 25 30 20 42 4 33 23 40 4 23 15 41 41 0 39 20 1 0 21 1 7 20 46 7 
4 16 40 42 17 3 10 12 21 40 49 19 47 37 7 44 48 28 9 12 16 38 17 47 43 22 10 32 45 13 41 29 28 23 40 16 22 37 14 36 16 29 44 17 32 1 28 3 20 49 43 5 40 44 27 35 24 17 35 46 27 18 12 31 40 34 5 4 21 2 20 38 39 34 28 12 44 16 43 25 10 0 20 36 34 31 18 13 35 12 49 30 43 20 34 39 5 48 40 25 
42 42 5 6 0 20 35 5 4 12 42 18 42 26 31 4 15 26 4 38 45 47 21 21 2 44 15 11 31 19 14 8 14 13 20 16 11 3 14 3 22 20 31 14 14 35 6 44 9 44 7 42 46 45 2 39 47 31 35 16 28 33 38 42 0 2 15 26 11 10 23 28 11 22 16 25 8 45 4 46 27 6 13 5 16 40 31 30 25 4 24 15 35 8 23 45 44 7 27 20 
20 47 26 48 18 48 37 0 17 48 20 20 14 24 12 24 13 9 25 39 28 0 4 20 42 0 6 10 7 30 43 24 42 36 20 32 7 3 36 34 45 0 15 23 2 5 4 3 47 1 24 3 1 17 34 0 39 23 9 36 2 10 5 42 4 3 24 15 31 49 26 38 34 31 24 26 22 37 1 18 33 12 17 48 33 26 30 13 5 9 5 13 36 46 0 16 26 0 10 8 
39 28 7 32 45 11 19 47 35 1 32 34 15 38 11 10 40 47 10 37 22 40 23 45 43 15 39 36 6 19 17 3 8 15 13 25 34 16 43 27 21 37 35 30 17 39 48 44 39 15 26 29 34 42 11 3 22 4 40 2 13 0 26 26 15 29 29 11 34 37 29 19 29 12 30 34 38 43 3 7 34 20 32 31 26 24 40 34 26 46 17 16 49 11 36 36 22 32 28 36 
9 20 14 25 46 34 5 48 46 28 38 2 4 27 34 6 4 30 9 43 39 38 41 29 28 42 48 24 9 8 8 7 33 28 19 35 11 12 40 47 27 16 31 23 38 25 13 17 40 5 43 42 20 48 27 31 17 11 7 7 31 8 44 5 42 27 0 22 21 26 0 37 42 10 8 10 17 17 43 43 20 15 49 7 30 39 35 20 38 40 29 17 1 12 2 46 2 26 42 41 
8 29 7 43 27 49 19 26 16 17 28 19 7 17 6 7 17 17 16 41 47 41 9 46 18 4 24 46 6 13 16 24 20 8 35 45 6 49 39 24 37 7 35 48 0 47 17 2 2 21 34 49 14 8 8 20 3 27 1 22 29 31 17 48 28 42 34 17 42 47 32 44 45 38 47 8 26 24 42 43 8 32 21 22 33 46 17 44 42 35 27 16 15 7 28 26 25 16 28 34 
13 10 41 1 31 1 6 27 9 33 4 1 39 8 44 10 32 37 3 23 34 33 17 3 40 23 30 28 14 9 46 29 9 30 29 0 39 40 37 35 28 48 16 14 24 44 35 3 5 40 32 44 44 21 12 1 30 30 36 42 20 16 14 48 23 32 49 40 17 27 2 4 16 43 19 33 26 42 30 6 13 0 17 42 14 15 28 38 13 13 28 45 7 33 37 33 43 24 24 4 
26 37 34 26 21 22 18 46 43 40 21 48 45 15 5 31 24 16 39 9 40 42 11 20 23 24 46 33 3 8 4 33 30 33 11 29 21 43 19 30 20 43 38 45 44 20 37 17 17 32 32 46 27 35 8 27 21 12 38 2 32 42 22 26 45 2 8 34 21 22 3 34 46 0 12 39 46 4 36 11 19 31 35 28 11 48 1 42 43 21 21 19 8 40 31 38 5 0 26 39 
20 25 3 12 13 34 42 11 45 45 26 41 34 28 38 38 36 25 37 26 21 37 2 8 13 0 2 2 9 44 11 6 31 22 34 6 6 48 34 7 9 23 32 19 12 42 25 42 18 29 43 14 9 45 29 15 35 0 44 47 10 18 5 20 13 13 19 49 28 31 41 27 18 32 3 37 11 14 34 38 4 35 2 5 32 21 46 39 41 28 28 32 13 31 24 7 5 41 0 28 
20 30 41 47 17 14 22 24 31 43 27 26 30 9 41 49 35 28 33 23 25 44 44 37 46 23 18 7 42 27 22 17 46 38 33 3 35 7 40 0 34 43 43 21 38 34 23 38 1 9 3 3 39 0 13 19 30 37 18 22 36 11 36 35 11 30 11 37 11 49 41 15 32 15 48 21 20 23 7 15 26 21 0 5 42 12 14 19 10 40 24 22 23 0 25 49 38 22 34 27 
7 19 34 3 31 35 34 18 18 4 15 11 13 31 1 12 44 32 43 35 46 47 40 5 6 16 10 7 47 35 13 14 45 4 25 21 27 14 13 12 17 12 10 11 25 0 16 22 1 18 22 1 27 5 46 41 21 20 13 43 17 25 24 33 11 26 22 28 48 19 47 31 46 13 31 49 40 11 31 23 26 24 28 34 14 23 43 46 47 26 21 32 20 19 13 21 26 40 15 37 
32 15 31 37 1 49 42 31 39 19 23 22 25 11 1 23 32 26 33 10 36 35 31 13 35 17 43 23 21 32 34 32 19 30 23 1 42 38 48 44 29 19 5 34 16 41 48 49 41 37 40 47 8 15 16 44 28 42 20 8 47 1 34 11 35 21 5 17 15 22 49 16 10 38 27 13 38 49 32 46 25 35 44 39 24 4 21 10 17 32 18 6 18 33 27 1 9 31 5 7 
34 5 34 4 19 11 42 7 1 36 19 32 0 11 21 19 5 16 11 33 42 48 33 8 14 17 10 41 11 35 9 6 2 37 13 47 19 7 49 15 7 40 42 0 33 28 40 43 40 37 27 39 36 42 33 42 43 39 8 0 27 34 5 11 23 48 16 9 19 15 12 41 16 42 31 15 40 30 22 38 6 13 21 42 0 41 44 12 35 29 21 44 12 39 38 4 31 18 10 9 
33 15 8 15 13 35 10 11 39 24 47 6 44 16 14 26 15 30 19 15 29 41 12 49 29 45 12 21 41 15 13 39 37 44 43 16 23 29 22 29 33 46 24 3 3 32 21 43 9 16 10 15 38 21 13 24 11 47 9 14 11 39 26 26 31 40 8 49 49 36 46 19 9 47 20 6 29 9 2 49 31 26 9 45 34 13 28 4 8 10 46 20 46 8 29 47 34 44 39 40 
31 18 2 47 48 25 45 25 26 0 48 34 14 49 48 23 29 11 1 19 13 13 28 30 48 48 28 44 24 38 32 17 38 31 17 23 12 13 36 45 23 25 6 16 40 8 9 39 43 1 14 43 27 43 45 6 13 15 19 7 41 45 4 19 39 20 4 23 38 27 13 12 39 49 29 28 13 15 13 12 24 21 20 43 36 43 18 42 23 24 9 35 12 18 9 0 46 18 8 37 
15 19 27 2 16 40 40 46 10 21 10 19 35 45 1 30 35 32 27 39 40 15 4 29 24 38 47 35 41 9 24 10 23 20 31 28 23 21 20 17 15 44 28 28 4 27 8 4 33 40 10 23 33 29 39 11 26 42 38 49 24 14 21 5 27 15 44 39 37 40 34 16 16 43 1 19 1 2 22 38 22 4 16 8 21 49 3 26 23 29 32 35 41 0 47 21 10 43 28 5 
13 42 0 47 29 16 43 9 9 14 10 29 49 44 5 20 42 31 29 4 5 32 31 34 47 1 43 24 15 25 26 32 43 10 19 46 0 36 2 16 36 40 47 19 1 3 30 7 32 36 35 37 10 14 49 31 31 2 20 26 4 36 2 29 43 40 36 4 37 41 16 7 13 3 11 46 32 45 32 21 43 43 2 47 27 48 47 45 33 17 3 43 31 33 36 48 27 7 16 48 
43 32 38 10 38 29 35 7 7 27 16 22 19 28 23 49 39 5 39 23 30 46 3 40 47 40 38 26 4 8 4 8 9 33 20 49 7 23 4 47 47 46 33 10 41 17 1 38 45 24 23 14 5 32 42 12 2 33 0 46 32 33 40 23 47 11 18 39 24 18 5 22 37 37 35 31 11 2 19 21 28 13 46 16 39 37 3 42 0 41 31 17 29 36 27 36 18 15 1 17 
35 22 43 35 25 2 3 15 36 49 18 43 0 6 37 8 34 48 43 1 25 39 19 42 38 18 26 35 34 16 27 17 49 0 46 41 34 7 7 24 44 37 31 32 44 16 18 19 12 5 21 35 21 3 28 36 11 8 28 34 14 11 40 43 11 3 45 16 45 25 47 39 27 11 26 33 35 27 48 18 35 10 48 24 38 14 36 24 44 22 0 36 47 43 20 34 1 15 21 24 
4 27 19 20 36 27 22 4 3 12 27 45 24 15 46 42 18 32 33 15 28 3 38 6 7 31 49 20 31 22 11 24 10 23 43 35 25 27 48 18 28 16 46 18 21 30 34 36 35 3 24 44 37 48 23 12 39 2 47 22 39 37 6 19 4 13 12 17 36 35 22 48 31 9 49 25 18 11 24 49 33 34 7 15 21 19 16 23 34 41 10 12 5 41 11 23 8 34 22 1 
33 22 47 44 34 36 21 42 30 25 28 30 28 28 26 13 45 25 4 38 31 14 25 30 26 44 9 3 15 37 47 31 32 40 49 21 37 7 11 38 13 42 42 15 46 8 13 36 1 1 44 17 17 22 38 39 8 1 22 30 4 13 15 43 32 33 36 23 44 43 25 11 8 9 48 8 13 10 14 16 25 25 8 40 36 49 35 47 34 49 42 18 41 18 24 20 30 4 30 44 
7 13 43 0 7 30 17 41 23 24 41 36 9 38 19 20 40 2 48 25 24 6 41 29 37 19 5 36 40 27 31 42 44 30 18 35 5 9 43 8 16 40 11 27 4 38 42 38 44 13 15 22 40 31 14 44 37 16 22 5 18 49 18 1 43 43 47 14 19 31 41 9 40 48 14 5 34 17 20 42 37 9 49 40 26 14 1 14 27 24 37 16 14 44 37 15 4 14 18 18 
40 46 12 47 48 5 20 2 31 15 0 21 12 40 36 15 32 46 31 37 22 15 44 4 30 4 27 13 30 13 34 45 20 15 12 32 13 34 5 15 6 36 27 24 48 19 30 37 2 49 5 39 1 42 13 21 33 33 29 32 25 7 9 36 17 1 14 19 9 4 23 24 1 4 12 19 35 18 25 23 14 30 2 1 3 30 27 49 45 43 26 9 17 30 4 32 42 8 3 9 
49 36 5 13 40 49 11 48 38 34 24 16 1 23 17 34 25 8 16 43 44 22 19 18 33 28 19 12 11 32 22 16 19 47 39 13 32 35 11 10 46 6 49 12 30 34 23 47 21 7 23 33 7 22 2 49 42 36 25 47 44 49 6 45 44 19 25 47 47 0 35 8 17 5 31 31 39 13 20 22 13 20 29 10 0 29 2 16 6 4 9 18 20 25 48 8 9 39 37 1 
47 14 25 4 31 24 35 33 8 14 11 23 8 30 21 42 14 38 20 44 38 33 23 31 32 8 33 39 9 40 35 43 15 29 8 0 33 34 47 35 20 9 43 15 19 8 44 7 41 5 49 26 47 43 17 36 11 28 25 28 15 5 30 16 1 46 9 33 37 6 17 14 8 24 4 15 39 23 10 0 9 27 30 21 48 10 38 17 16 9 37 39 1 0 30 44 35 45 17 24 
23 28 20 6 10 23 25 12 25 41 46 25 2 28 39 8 39 27 24 22 14 19 6 30 49 0 9 35 27 5 49 11 25 11 26 49 31 36 30 0 35 42 32 9 36 24 25 9 39 36 3 11 44 31 39 38 16 37 17 18 4 4 8 35 35 19 47 24 40 12 33 7 21 25 48 23 18 12 12 40 37 47 33 0 37 26 27 6 21 20 12 30 27 17 41 47 45 1 27 28 
2 23 21 15 28 2 3 19 17 18 44 29 3 9 4 26 33 8 18 1 49 2 37 23 41 8 40 27 45 45 10 13 9 0 49 27 1 39 9 43 19 29 29 49 0 27 44 49 18 18 21 7 27 16 29 15 14 15 8 26 11 26 20 41 49 27 17 41 41 38 7 11 32 34 1 21 41 29 5 37 40 44 13 6 13 39 36 35 3 4 44 16 7 44 46 6 2 39 49 5 
27 2 34 40 42 43 17 6 10 35 22 19 45 41 17 46 2 43 0 7 13 6 5 7 15 32 6 35 9 40 3 43 33 15 35 19 9 26 5 30 40 20 13 47 8 49 46 38 17 22 7 46 24 8 42 35 45 18 4 47 24 1 30 42 2 33 17 34 14 13 34 17 20 26 38 1 15 5 22 41 36 1 6 40 30 38 11 16 10 15 20 44 37 45 29 32 43 7 4 47 
45 28 23 28 38 27 43 13 10 27 44 42 21 20 35 11 18 34 47 4 32 44 48 44 43 14 12 12 2 48 27 13 39 37 38 0 11 36 16 1 26 25 43 40 41 1 17 22 33 39 15 28 17 0 13 22 38 48 31 28 20 39 24 20 12 18 18 32 12 17 2 41 29 31 32 5 28 5 28 16 31 36 46 43 6 6 31 37 38 27 37 42 25 43 15 4 44 44 48 48 
10 43 3 9 18 29 2 37 46 42 24 1 46 19 27 37 12 37 12 47 44 25 24 0 42 37 40 26 0 0 47 28 29 48 29 30 19 31 41 34 23 43 18 11 24 24 24 16 13 0 34 28 38 26 42 49 4 14 28 3 4 14 18 31 14 41 24 35 42 49 24 27 3 39 19 15 49 33 32 2 24 38 33 30 28 16 0 1 13 43 21 35 10 45 12 30 10 48 7 1 
15 43 16 11 36 29 25 3 1 19 32 33 10 26 2 32 33 23 40 38 23 17 40 26 10 26 32 39 47 22 0 41 20 39 36 3 42 25 31 22 0 6 43 3 48 2 7 37 1 39 45 28 13 44 34 17 8 37 34 22 0 48 22 6 21 23 3 41 49 41 37 0 19 43 26 49 33 23 14 15 28 39 17 22 17 17 44 12 13 29 1 6 2 29 16 28 44 30 26 19 
47 24 2 31 12 20 21 8 49 33 27 34 0 24 5 1 23 8 1 0 4 0 46 0 11 0 7 36 30 22 35 41 1 17 42 40 36 10 11 48 22 39 0 41 0 30 34 38 4 16 9 40 23 0 28 27 14 10 14 24 8 42 11 27 0 7 38 2 45 9 0 1 29 39 42 30 20 42 36 25 39 41 49 38 26 11 20 35 14 32 19 16 6 48 41 1 4 31 39 17 
41 37 12 27 9 32 22 17 12 36 0 38 0 24 45 22 23 35 38 0 47 45 35 49 32 9 29 8 30 42 3 5 18 34 31 30 27 16 30 41 17 16 0 2 30 1 5 18 20 7 43 33 4 32 16 17 27 1 1 10 32 31 46 17 42 0 41 46 22 25 22 23 49 35 2 48 48 28 31 35 0 43 22 37 24 28 38 39 21 7 34 34 27 42 9 1 14 45 47 2 
28 30 18 15 15 23 18 29 34 22 48 41 9 31 27 32 29 42 3 38 29 16 42 41 8 3 22 31 11 35 31 32 8 23 45 39 11 21 2 17 47 19 8 38 31 15 27 12 46 20 24 20 9 16 2 31 11 17 29 8 21 24 14 15 41 28 33 20 36 39 15 18 22 7 45 48 15 42 2 31 18 5 35 3 27 11 15 39 15 36 18 13 0 12 47 18 47 2 37 30 
17 27 41 3 0 3 33 37 37 30 29 7 0 1 20 15 2 15 10 5 35 11 13 26 22 37 24 25 18 34 47 42 43 7 45 27 34 32 28 47 32 1 48 24 44 35 37 45 44 16 2 45 16 44 16 15 7 3 30 13 49 0 45 17 28 25 8 4 32 42 3 22 42 1 12 37 3 5 36 47 41 20 17 37 19 32 19 24 42 45 37 48 16 46 44 49 28 7 43 12 
20 5 45 43 37 12 22 35 16 48 36 45 3 37 38 5 40 27 1 32 20 3 43 6 7 19 13 34 24 42 29 16 3 32 22 5 7 19 2 4 27 39 14 11 15 10 12 33 31 2 12 30 27 24 28 5 42 9 0 12 30 10 40 21 36 49 21 49 32 18 9 40 25 49 10 37 25 10 29 18 17 10 34 48 10 48 36 39 11 4 36 14 2 8 47 35 46 46 3 36 
13 14 22 21 16 45 21 13 9 29 22 47 48 16 23 1 18 14 14 2 42 19 23 48 19 2 41 23 18 40 30 37 29 26 22 27 19 44 24 16 6 8 11 19 46 17 43 5 46 24 6 11 29 16 30 32 29 16 47 0 22 15 17 14 18 22 6 26 7 3 17 10 40 48 43 48 1 24 15 40 42 7 29 3 10 42 1 14 16 33 7 36 11 10 37 34 24 23 36 39 
47 41 29 33 27 43 32 2 4 4 21 39 16 10 12 33 39 33 27 4 16 1 8 5 21 45 16 25 17 24 27 32 2 7 24 20 25 40 14 21 28 12 15 34 18 17 20 17 12 34 29 22 14 13 14 22 11 8 34 39 43 33 8 6 38 48 17 7 13 15 32 30 42 49 43 14 15 10 40 9 39 9 11 19 44 48 49 30 38 42 5 41 25 42 36 26 14 43 21 0 
48 6 22 20 34 3 12 3 31 1 0 18 20 29 23 15 18 24 6 41 10 33 13 39 7 3 34 20 11 4 25 7 29 35 23 36 15 7 40 33 44 20 45 18 12 29 32 8 9 18 16 24 11 31 39 16 6 44 17 27 31 0 31 22 38 38 7 25 20 11 22 7 49 1 12 0 6 0 21 49 45 1 27 26 27 21 31 15 42 31 48 41 18 27 44 1 45 47 18 45 
49 32 45 44 18 38 48 17 46 13 30 42 32 31 36 7 20 22 27 16 35 26 45 23 21 18 4 23 38 22 38 32 15 34 37 22 29 40 24 11 1 49 32 49 36 18 12 9 27 47 3 25 22 42 5 44 38 49 33 38 10 35 0 18 10 0 30 35 45 2 0 43 33 41 9 37 26 4 46 37 39 47 46 48 7 36 21 6 19 13 17 20 36 10 48 34 37 20 29 26 
12 34 1 47 19 16 46 17 33 45 31 18 15 44 44 34 10 20 41 47 4 22 0 32 7 5 29 39 28 13 38 13 6 29 4 2 16 21 45 27 27 20 17 24 19 5 30 2 15 29 4 18 21 22 31 14 13 10 30 38 49 31 39 45 46 21 26 6 35 36 29 9 14 2 5 32 42 20 29 24 12 23 8 38 6 32 48 34 42 29 18 31 4 43 42 14 6 23 4 37 
7 10 43 34 36 37 2 37 15 20 44 16 38 15 21 29 45 33 27 47 10 30 47 10 38 44 25 18 10 47 14 9 44 13 41 17 43 46 29 3 23 14 28 4 10 43 36 34 42 34 30 16 15 44 36 25 12 7 48 16 42 46 25 1 16 34 3 24 30 28 39 28 40 9 9 35 0 46 28 3 33 12 39 29 32 49 6 30 0 37 48 10 17 14 43 19 4 13 6 29 
41 1 21 35 8 33 22 32 26 34 43 17 16 30 17 32 4 30 48 43 11 47 35 25 15 47 2 39 33 47 12 5 30 28 28 27 23 29 5 5 18 41 34 39 49 17 46 8 7 25 41 7 0 16 41 12 8 47 34 47 16 10 19 30 46 23 2 28 34 26 22 12 40 1 46 35 48 45 30 30 45 31 44 4 41 20 29 9 23 0 37 36 38 28 31 0 27 30 2 32 
33 3 7 12 1 34 46 29 11 36 45 40 10 46 12 1 23 14 14 24 26 10 32 3 7 8 30 32 17 45 33 36 22 7 17 36 27 10 21 48 44 13 37 30 42 46 7 27 7 8 24 13 7 29 43 39 21 6 18 19 35 22 33 35 12 47 22 36 18 33 20 17 2 35 21 23 42 17 12 34 10 13 2 31 41 7 47 8 27 10 26 13 19 22 19 42 46 45 48 8 
45 45 39 12 43 43 45 15 34 40 14 3 44 31 20 7 18 48 45 18 41 37 32 16 39 5 30 33 22 25 1 34 14 46 23 24 41 13 34 36 36 30 47 14 42 7 46 11 46 20 3 32 3 0 44 11 6 6 17 22 15 27 1 13 6 42 19 6 9 28 41 33 23 12 28 29 31 29 26 41 34 25 36 13 39 9 38 36 20 2 13 30 14 49 49 4 19 10 12 46 
0 33 19 7 7 29 13 30 43 42 15 33 14 28 26 30 19 10 26 43 15 13 21 12 10 2 0 5 23 30 31 26 44 15 7 12 6 13 26 11 25 8 27 14 48 45 5 23 23 32 31 29 31 2 42 27 38 11 10 46 28 43 23 47 18 48 1 38 29 2 48 4 40 24 14 43 10 31 39 0 43 23 9 23 43 15 30 49 36 27 11 14 28 29 18 46 15 18 12 39 
44 6 20 22 8 45 2 40 17 42 28 26 44 25 16 49 2 42 16 38 39 6 49 8 30 49 27 29 38 10 18 22 21 32 36 12 44 14 27 43 23 35 47 4 21 45 6 5 9 39 27 42 3 49 35 7 31 19 29 43 38 49 31 46 13 5 8 21 39 0 26 15 24 46 4 48 13 39 15 22 30 31 24 16 3 28 25 16 27 44 36 9 35 20 6 9 42 45 40 5 
35 20 47 37 11 6 6 42 48 6 7 28 49 46 18 12 32 6 22 8 4 23 14 17 31 4 3 21 40 49 9 34 33 3 6 39 0 36 26 1 5 0 14 28 10 3 19 44 8 43 38 1 32 36 44 5 47 4 3 3 48 3 32 4 14 20 7 49 4 28 17 0 23 48 9 30 10 30 20 28 20 0 31 2 37 35 36 4 19 27 19 16 46 33 47 16 31 46 8 16 
17 10 8 29 47 22 41 48 14 20 46 31 9 42 21 41 6 24 3 39 11 1 11 34 20 20 32 7 18 19 21 40 17 34 33 1 45 45 25 21 25 35 42 13 26 14 44 18 37 37 38 20 21 10 7 29 43 48 29 48 8 39 28 5 20 16 13 27 47 26 47 8 35 41 41 23 21 34 27 27 45 10 27 3 26 9 16 3 45 24 31 46 40 5 46 42 40 38 27 21 
7 32 40 29 22 34 49 23 3 8 26 5 48 7 29 39 19 46 46 41 2 34 23 9 18 21 25 37 10 46 6 5 8 14 14 16 38 12 33 38 9 45 37 21 26 18 18 39 19 40 29 12 10 16 5 23 31 32 5 17 21 35 27 30 2 35 7 36 25 19 6 19 15 20 26 5 40 45 30 28 30 41 33 22 34 6 25 22 20 1 35 39 1 44 16 31 29 22 43 23 
40 1 19 42 8 19 22 0 30 29 31 20 25 4 40 35 24 34 12 49 33 48 7 49 24 19 44 22 46 27 12 47 49 40 19 12 29 32 9 42 46 24 31 31 43 49 12 40 30 19 14 39 15 42 27 39 12 23 12 28 0 28 0 33 30 20 39 7 40 42 32 49 14 25 21 8 32 31 20 37 23 3 16 49 7 49 11 41 1 6 47 24 8 38 0 16 8 41 13 27 
32 44 36 18 28 30 11 46 15 5 16 4 11 21 45 9 29 26 27 6 18 43 34 36 24 15 24 46 23 27 26 25 4 27 22 11 3 8 38 22 29 32 6 6 18 25 25 23 2 40 15 25 15 14 13 16 17 37 28 35 0 15 43 14 32 21 19 37 2 41 25 28 48 43 30 30 49 7 25 45 27 12 19 28 9 12 49 33 38 3 5 42 5 29 12 29 15 11 25 12 
39 5 1 4 41 49 34 49 32 39 42 33 46 5 39 35 34 27 22 14 7 13 48 20 38 8 47 34 48 33 21 26 2 41 45 29 35 47 1 20 39 34 29 11 40 22 28 33 10 35 4 27 9 2 11 38 18 10 43 29 29 12 7 48 43 23 17 16 40 28 35 9 21 0 13 36 44 2 0 44 41 46 39 3 45 35 43 45 3 12 28 1 45 36 45 13 42 26 26 1 
29 37 28 6 46 0 9 22 32 37 49 34 23 42 11 48 30 13 36 8 21 48 19 21 47 48 46 19 48 32 27 46 1 16 6 19 36 13 15 38 49 9 14 7 47 15 23 0 24 0 36 49 6 32 35 42 42 37 48 4 23 43 19 42 20 14 47 40 7 39 22 49 2 39 19 37 24 9 19 15 41 46 12 18 4 32 26 42 23 22 34 49 35 25 3 14 5 39 27 8 
14 26 26 21 26 29 0 32 18 18 0 17 38 28 46 29 10 18 31 11 28 36 13 18 47 13 5 26 5 6 43 35 43 22 29 43 48 1 7 2 25 6 33 8 5 5 31 12 35 2 10 46 39 26 21 46 39 47 14 1 4 35 5 31 20 1 37 3 4 22 48 43 25 15 30 0 10 34 34 43 25 40 28 26 41 33 40 33 4 12 3 28 13 43 15 3 44 27 39 23 
28 46 7 25 40 5 4 5 45 36 25 24 22 34 31 1 35 32 39 37 4 22 5 41 7 4 15 34 9 28 47 1 15 42 2 18 43 23 21 5 7 39 18 12 0 8 39 13 8 40 36 15 13 1 9 28 43 29 11 44 0 18 37 19 42 3 16 34 34 3 17 25 1 23 18 39 11 2 49 27 14 34 27 18 15 5 39 24 16 14 24 29 3 19 49 11 14 32 13 40 
24 18 8 23 20 29 49 11 46 20 5 4 0 7 34 28 38 45 32 18 4 36 18 1 18 38 1 32 32 8 47 32 13 38 28 0 42 22 29 33 15 0 25 18 43 15 27 5 45 45 41 6 41 34 5 21 17 48 8 47 10 36 37 6 17 42 46 29 12 33 12 40 46 46 41 20 49 15 10 32 7 12 23 13 46 7 21 12 22 13 48 13 38 23 30 23 39 48 2 40 
43 34 0 10 32 27 21 11 45 1 35 7 42 41 19 39 12 0 32 8 10 20 10 0 39 30 8 0 21 43 19 29 37 6 13 35 13 23 10 41 32 24 23 32 32 12 17 46 8 28 17 15 45 19 37 36 13 16 4 45 45 24 36 25 33 45 26 15 6 23 20 28 1 18 20 10 3 45 44 12 5 34 24 40 48 41 16 41 30 48 24 30 37 43 4 39 42 39 11 21 
17 42 40 7 0 46 8 42 27 34 2 14 37 47 1 4 17 8 44 6 12 3 34 1 38 22 26 1 33 49 4 36 8 38 13 29 42 17 0 16 1 47 31 45 2 36 12 41 18 1 1 26 14 40 39 23 30 7 2 46 20 13 33 46 19 24 12 18 46 14 43 6 43 0 21 20 3 25 11 17 8 14 20 12 35 8 39 19 29 0 7 39 39 1 44 9 36 47 36 17 
12 46 45 9 18 43 46 20 24 29 11 44 23 31 18 49 44 31 21 37 18 35 30 30 40 32 20 8 36 39 26 17 14 20 21 1 10 30 33 17 43 30 24 15 9 38 6 7 29 26 28 17 11 16 4 16 26 11 31 40 22 30 30 18 35 13 17 18 3 47 24 38 20 11 12 31 18 1 15 32 45 43 21 34 6 14 36 33 23 9 31 14 22 6 33 0 29 32 33 14 
0 21 28 23 6 18 37 48 49 30 24 30 13 3 7 35 17 22 36 43 19 29 26 25 41 23 14 20 14 30 42 1 34 35 38 19 36 44 23 6 32 7 25 18 3 36 12 18 47 20 43 11 47 11 6 38 36 31 49 33 40 44 12 42 38 35 8 27 19 46 42 4 39 12 41 21 12 33 35 31 23 43 46 24 16 9 44 9 4 22 16 25 5 43 49 46 45 34 47 7 
9 23 38 46 27 1 11 12 37 3 26 32 3 8 12 39 40 34 46 45 39 31 8 41 25 7 11 20 2 8 5 42 9 23 18 8 32 27 3 13 44 15 5 20 27 7 42 4 22 32 30 22 45 5 5 4 9 9 0 15 16 40 44 30 26 32 14 6 40 36 29 8 22 34 12 12 31 41 2 21 25 15 2 28 26 4 40 36 2 25 5 13 0 10 1 23 42 13 38 40 
28 31 30 17 38 15 32 6 27 36 31 5 16 20 16 23 31 19 20 29 14 0 47 30 19 29 21 23 42 3 49 2 32 30 44 14 28 43 17 24 25 38 7 29 28 37 27 14 17 24 11 2 18 0 44 17 40 25 38 14 17 0 45 2 8 25 12 47 41 47 11 7 40 49 48 7 49 5 20 4 25 16 20 14 6 4 3 46 44 4 44 26 9 42 42 25 45 45 25 47 
18 46 2 37 21 41 40 36 46 13 45 11 41 39 24 27 35 48 34 15 40 42 21 28 35 14 22 28 29 24 25 26 12 23 14 46 32 42 19 47 45 18 28 4 30 16 26 5 44 1 18 43 15 31 48 33 18 5 1 14 20 14 31 23 15 23 5 23 3 38 48 32 41 10 25 3 27 37 31 21 27 35 17 20 31 7 40 12 21 26 41 18 16 5 19 45 11 0 37 49 
22 9 49 31 5 15 13 4 18 28 14 2 43 47 28 48 34 2 35 1 10 7 18 29 38 44 31 44 32 19 35 24 6 3 23 35 25 22 24 20 3 19 6 31 11 6 32 41 27 44 3 18 9 7 21 19 43 8 47 29 5 6 21 28 49 40 27 9 6 10 7 1 48 36 15 32 26 13 45 33 32 11 42 33 36 22 0 18 14 27 21 6 0 22 45 22 31 44 37 23 
23 4 40 48 41 45 34 21 15 37 1 10 6 25 29 37 40 31 43 31 41 9 32 21 47 13 18 41 29 23 30 7 17 19 27 29 27 34 48 33 26 4 39 21 35 34 15 19 49 12 32 7 8 12 10 8 27 0 18 19 27 13 32 20 48 35 27 34 21 29 15 17 29 12 33 16 7 15 10 44 33 20 33 26 17 40 20 45 39 36 44 0 7 23 1 31 25 14 33 19 
47 46 38 12 21 22 13 11 38 28 0 33 35 10 33 32 43 46 19 40 10 2 15 45 35 41 26 19 27 13 23 16 24 1 31 20 49 42 33 16 40 24 37 2 48 19 2 25 25 41 20 44 49 32 11 16 2 2 38 30 28 49 24 42 27 36 19 49 10 2 37 2 46 40 44 47 25 21 24 16 0 11 40 10 8 16 24 11 34 9 25 26 5 47 36 10 17 48 6 16 
47 47 19 36 7 28 18 38 31 16 9 30 9 11 37 19 6 27 15 19 11 16 34 10 27 33 20 33 20 49 34 29 10 17 15 48 25 21 11 14 18 27 27 23 0 49 4 17 37 44 34 33 30 14 18 7 4 42 6 7 44 32 12 9 7 29 16 9 32 38 45 28 8 43 25 42 19 24 32 4 22 39 37 35 43 30 0 29 17 37 49 11 31 1 18 33 27 15 46 1 
16 29 13 3 48 12 9 13 28 24 28 42 12 46 22 23 1 24 7 28 35 41 14 32 16 13 5 21 8 18 3 4 3 44 29 35 3 20 13 12 1 10 31 20 23 22 7 31 46 20 32 46 28 32 27 47 49 42 9 26 18 14 48 3 14 9 40 2 42 48 41 12 42 16 47 11 18 24 42 30 26 2 13 3 39 47 14 29 34 46 0 46 33 6 20 35 41 26 43 23 
6 35 25 25 49 44 11 30 44 27 32 21 11 20 47 27 49 34 38 35 40 17 11 30 32 23 13 44 5 7 22 31 17 40 30 1 23 14 40 46 34 3 33 8 13 48 5 19 37 46 20 40 9 16 42 18 32 42 42 22 14 8 40 27 16 5 9 41 34 10 39 11 42 13 29 25 33 8 40 22 3 14 40 3 5 10 42 49 2 36 49 26 20 47 39 21 0 45 2 8 
7 34 37 1 21 37 44 29 40 47 13 14 28 47 3 3 1 29 37 42 4 26 15 14 18 40 7 37 35 34 17 46 18 8 22 46 6 30 36 3 32 14 34 3 41 0 7 46 1 35 6 1 17 1 6 8 45 10 46 6 11 30 4 17 1 30 17 5 21 10 16 27 0 27 36 17 22 33 25 23 17 7 16 41 40 27 13 33 26 46 18 39 33 2 2 18 48 36 33 11 
47 16 16 3 43 41 14 12 36 43 21 16 18 38 19 28 35 34 49 36 4 28 20 18 1 18 17 42 9 44 45 15 25 25 20 49 44 43 41 4 17 14 2 41 28 4 38 8 25 13 32 19 42 17 10 29 23 4 4 3 13 36 24 45 43 48 42 6 11 39 8 16 6 19 41 37 21 28 16 46 15 0 6 12 43 9 3 9 15 35 21 11 13 48 43 27 42 20 22 3 
28 8 30 23 42 25 42 13 41 37 18 33 48 39 26 3 32 30 14 31 45 48 0 12 11 1 37 15 37 8 28 42 3 10 35 41 38 27 11 9 19 1 45 32 30 15 19 11 34 33 26 20 3 16 0 13 17 3 0 15 0 47 3 41 33 47 22 10 25 39 9 31 37 21 24 27 49 48 43 23 44 30 2 32 21 24 33 9 19 31 35 1 20 20 39 31 33 1 26 6 
29 28 4 8 19 43 41 8 13 3 7 9 41 16 28 29 7 29 26 2 9 35 17 6 30 0 38 42 6 2 41 47 12 37 36 14 22 22 7 22 40 37 13 17 8 13 43 22 6 38 41 46 46 22 38 48 1 38 46 14 48 34 35 9 41 45 15 7 16 26 15 40 37 21 4 32 40 31 2 48 0 15 32 27 36 20 3 48 46 19 39 8 30 19 39 3 40 10 47 44 
43 20 36 19 21 33 16 27 1 42 28 13 29 1 39 24 22 9 45 23 11 7 10 7 27 35 33 11 7 48 20 6 34 44 35 1 0 29 0 16 21 36 44 37 40 26 29 6 40 35 27 21 10 3 23 33 7 24 34 14 2 44 1 49 3 38 12 20 47 40 11 9 7 45 46 0 16 25 44 43 28 10 22 37 4 19 16 30 38 22 9 45 22 17 0 23 36 36 42 49 
16 3 35 20 25 34 15 34 47 46 49 28 43 18 3 13 26 30 21 13 44 31 16 2 40 48 47 6 14 26 10 47 6 34 8 14 7 11 42 45 44 4 30 49 17 11 9 31 33 10 28 20 19 17 24 48 23 6 26 7 39 28 17 10 38 35 31 16 22 13 24 44 24 3 43 18 22 37 14 19 35 0 16 40 14 0 33 29 25 13 33 47 31 20 26 48 49 21 30 16 
23 14 12 30 2 30 13 8 0 28 33 21 25 42 47 36 7 15 45 23 45 35 47 46 43 2 14 36 18 1 9 26 21 42 18 37 2 17 40 49 19 32 17 31 38 24 40 0 21 18 39 42 34 19 46 42 29 2 41 41 17 36 10 27 22 32 37 9 19 43 46 22 12 11 43 14 30 9 44 6 44 12 22 48 38 16 12 10 37 11 4 11 6 6 41 34 33 34 26 18 
4 37 29 25 38 14 48 19 14 47 24 34 30 26 16 47 4 21 37 29 18 25 6 47 38 12 28 49 45 1 2 32 1 28 21 26 19 40 44 23 29 10 46 47 32 48 42 38 37 36 35 35 42 5 30 32 27 18 45 12 46 6 32 49 3 1 40 38 27 17 46 0 12 18 29 1 10 27 9 34 37 26 36 18 37 3 13 8 13 41 39 11 33 1 6 24 21 37 44 40 
0 2 9 0 3 27 41 42 4 18 42 44 13 0 26 29 35 40 25 41 20 33 10 39 13 32 49 45 7 19 44 18 48 31 40 29 2 22 19 30 40 49 14 26 20 47 14 2 46 16 7 40 9 43 22 47 23 39 11 33 44 17 10 40 32 14 34 46 12 15 32 31 25 38 28 48 20 35 45 1 33 22 4 28 35 43 22 7 13 18 6 19 3 45 24 9 1 37 47 12 
35 38 12 7 23 19 32 29 12 22 8 31 5 21 3 41 11 33 42 7 9 9 20 43 44 48 49 19 48 13 28 8 47 14 26 25 20 28 15 23 5 17 9 26 36 41 43 48 33 28 5 21 48 34 11 48 8 42 38 1 49 46 26 11 26 44 31 37 17 45 44 1 38 30 13 47 32 30 48 2 42 19 23 8 14 1 2 37 40 3 37 47 11 21 0 11 27 9 13 9 
4 0 26 10 47 47 6 1 29 38 47 41 27 39 29 27 39 20 47 8 47 16 11 25 25 26 9 24 35 47 38 22 31 22 32 36 48 44 42 38 45 47 21 43 38 1 30 30 17 39 43 33 1 5 2 10 23 1 7 28 29 19 23 30 44 20 4 48 37 45 43 0 5 19 19 21 0 15 24 36 46 22 19 49 23 19 39 18 33 11 25 34 23 8 1 39 26 46 29 46 
37 11 29 3 24 20 26 12 40 39 30 31 2 12 10 32 4 19 16 36 34 44 34 49 14 33 40 35 48 33 34 31 38 14 32 32 1 44 36 28 16 2 9 25 47 49 28 9 18 12 48 35 24 41 11 10 13 8 45 44 34 32 18 29 38 38 13 12 4 9 14 34 1 27 33 17 16 30 8 29 10 29 40 11 33 4 5 21 26 21 26 30 18 25 30 13 42 48 2 33 
31 14 46 41 20 41 38 45 16 19 36 26 41 19 16 46 35 17 12 12 20 49 14 31 36 11 7 32 1 49 35 11 20 8 0 33 1 36 35 0 44 45 26 19 47 7 22 28 22 14 39 33 42 47 5 40 2 38 39 34 4 26 25 3 0 39 28 2 21 7 2 34 35 46 20 12 5 42 13 20 27 4 10 34 29 28 34 6 8 18 5 24 20 37 27 11 28 38 0 17 
25 8 40 19 29 20 27 2 18 13 16 39 45 43 49 41 1 5 30 44 29 11 42 10 33 5 41 21 21 47 5 3 19 18 47 6 6 9 5 42 2 29 5 41 5 10 46 41 14 30 5 19 26 13 16 0 43 3 42 4 19 42 43 14 6 35 15 32 36 29 10 8 2 39 21 14 15 32 5 26 32 3 29 18 35 8 39 25 41 16 16 47 0 30 35 42 7 18 48 43 
23 6 5 10 45 10 6 26 31 15 39 15 30 21 33 15 28 10 42 26 8 33 19 36 22 7 26 38 33 24 47 27 43 48 25 21 37 43 19 26 39 28 14 47 46 31 43 27 19 43 31 0 3 45 40 21 24 28 46 27 28 42 12 3 20 17 16 44 33 46 16 13 10 30 27 30 10 12 0 46 49 1 5 17 43 8 35 43 34 39 34 6 9 45 18 13 19 39 14 43 
8 2 30 39 17 3 19 13 47 22 10 16 0 32 15 9 48 12 13 39 18 42 48 11 9 26 20 42 14 20 47 25 5 37 48 3 45 45 49 30 38 38 29 42 8 20 23 7 21 9 49 5 7 45 42 14 36 28 47 22 13 8 0 25 34 32 38 11 26 4 40 17 2 26 19 8 40 37 4 20 39 13 9 29 23 2 1 22 25 12 7 47 27 31 28 37 32 45 32 25 
38 16 26 16 5 36 13 45 24 45 8 49 34 1 25 4 46 45 6 34 7 31 25 30 39 10 49 15 46 17 7 4 9 49 48 43 22 19 22 24 38 1 47 44 27 30 44 0 14 7 45 21 24 20 29 22 6 43 19 10 10 33 23 0 14 41 15 44 28 49 20 12 20 29 14 13 19 13 0 3 24 26 29 25 7 14 35 13 34 47 45 19 1 42 44 20 33 5 43 12 
5 44 13 22 17 8 10 47 20 2 21 34 6 3 5 4 9 27 15 7 18 42 43 42 5 9 38 32 10 12 7 10 16 41 39 17 11 40 9 13 23 48 37 25 10 28 36 49 34 38 27 17 45 35 11 22 23 15 43 38 4 2 49 17 46 35 8 18 44 2 36 19 3 49 8 28 3 17 29 38 37 15 16 43 45 30 15 20 30 31 27 49 15 26 14 9 14 13 9 36 
47 0 14 29 38 32 16 15 47 27 13 0 19 49 44 22 35 25 22 12 49 10 2 14 37 2 4 42 6 2 12 12 48 22 48 14 39 27 18 44 21 4 22 48 31 38 24 4 6 2 14 14 29 47 33 17 37 12 39 36 9 2 47 21 14 8 25 3 39 15 8 37 17 39 3 2 33 15 33 45 7 8 46 37 48 19 12 2 9 15 42 30 45 9 20 37 15 30 28 4 
12 30 10 37 13 45 27 11 4 29 0 40 32 0 23 26 11 9 7 4 17 5 39 37 35 12 49 8 49 14 39 46 11 28 1 16 40 32 27 15 26 39 45 27 43 4 30 9 35 27 46 27 4 11 17 24 16 3 49 7 22 44 1 28 45 6 48 28 25 23 14 21 40 44 16 43 49 16 31 4 12 35 19 26 26 11 20 28 48 44 36 22 28 0 9 48 2 9 41 8 
4 5 8 3 49 5 14 5 26 39 23 22 22 22 15 23 31 5 36 1 17 4 24 37 12 28 30 26 33 48 15 4 39 14 34 20 43 5 14 8 36 24 48 24 12 16 14 32 47 9 24 15 27 13 37 47 7 38 31 19 21 48 24 14 6 26 2 17 40 23 41 43 35 13 26 41 48 12 36 46 4 39 28 2 26 14 33 18 13 46 42 24 19 32 14 12 1 17 2 30 
0 10 20 15 39 5 34 25 10 33 43 20 43 21 1 45 8 33 15 20 15 45 34 25 16 35 33 30 2 35 4 36 9 3 45 6 30 45 3 40 12 3 20 26 33 7 45 33 15 38 37 16 22 45 32 29 18 23 42 46 1 29 14 5 3 47 19 34 48 43 31 11 28 3 41 2 34 3 15 9 15 16 15 23 41 15 35 41 13 18 45 32 11 4 15 31 34 32 14 25 
8 34 45 19 36 41 7 9 24 42 0 15 4 47 49 20 4 9 18 41 10 49 20 12 16 44 49 43 34 43 2 21 31 46 28 17 10 14 45 49 15 0 0 47 20 37 15 46 47 4 8 27 48 38 35 4 5 22 9 24 45 0 46 2 38 10 11 19 48 15 20 36 46 30 2 19 23 1 27 17 6 36 27 30 32 34 4 26 12 7 26 15 10 40 24 46 40 6 15 33 
38 45 29 25 27 38 35 39 45 10 6 5 20 25 14 47 41 11 24 0 29 21 26 30 45 25 16 44 25 21 19 6 44 25 0 47 12 17 22 45 17 26 12 4 30 17 14 24 13 34 18 21 21 1 22 1 0 20 14 20 31 37 15 1 16 37 6 2 42 21 26 44 3 17 17 42 19 20 43 24 8 27 44 41 20 43 25 43 48 45 40 42 24 26 4 16 40 5 15 4 
17 1 42 18 49 0 7 0 17 18 31 47 29 5 8 18 18 47 0 39 42 21 6 45 26 28 21 9 18 24 47 36 3 46 11 42 14 13 16 4 7 27 23 31 47 21 16 49 3 39 40 48 36 14 22 35 29 39 47 19 48 28 24 12 46 12 49 49 19 20 45 44 0 13 19 48 13 16 47 3 17 38 16 36 31 19 35 16 15 39 5 9 33 31 41 42 49 14 3 19 
40 38 12 15 10 20 30 28 34 43 43 36 27 8 15 35 26 31 37 6 11 6 45 33 21 42 16 9 32 23 12 11 48 13 31 4 5 14 3 5 38 33 5 20 24 12 5 4 16 23 38 47 5 38 18 42 42 43 49 46 17 43 36 27 6 42 28 49 29 13 26 19 38 47 9 44 1 32 29 38 2 46 14 27 43 20 21 11 37 3 40 23 43 22 4 15 29 17 41 12 
