Digite o número de linhas e colunas da matriz: 

Digite os valores da primeira matriz:
Digite os valores da primeira matriz:
Calculando a matriz Resultante: 
A multiplicacao demorou: 0 milisegundos
10420 6633 8936 9460 6981 9131 5632 7093 9486 5010 
5772 2935 4300 4139 4017 3720 2440 3644 3458 3494 
9732 5106 7037 7937 7290 6411 4531 6936 8840 3678 
11544 5262 7747 7331 8258 7662 4586 7466 7503 5856 
11773 5511 8393 9972 8657 8382 6888 8388 9496 5821 
9366 5757 6771 5979 6038 5959 4530 6722 7528 4599 
6033 3009 4792 5191 4723 5141 3918 5968 5116 2354 
9917 6124 8077 7248 6903 7478 4596 7532 8296 4430 
10838 5445 7270 9966 8225 6908 7347 7640 10380 4126 
7654 4944 6293 7477 4911 6333 5253 6366 8024 3569 
