Digite o número de linhas e colunas da matriz: 

Digite os valores da primeira matriz:
Digite os valores da primeira matriz:
Calculando a matriz Resultante: 
A multiplicacao demorou: 13 milisegundos
63335 57288 60926 58416 62894 67056 62214 59014 64026 67139 63893 65478 57191 58659 57783 66518 62637 66516 63452 61449 60924 63592 59320 66480 70463 53043 60320 65313 56640 66900 62381 60309 56497 65136 68764 57567 62946 68064 62282 63516 65495 59687 69973 63402 67255 60605 63172 61220 62515 61451 67236 65724 60643 61538 55810 67209 58401 58587 64233 62153 59607 62638 59032 59886 61264 67773 54019 62904 68576 67465 66761 55742 64473 65048 62800 59408 62318 55204 59507 66382 59549 53650 60445 60892 66494 55275 64322 62420 62662 61310 66850 61518 52050 64900 66316 62501 65571 71053 66089 57070 
61795 57165 64214 59237 64357 65904 60608 57166 64935 66723 60696 64147 60103 64561 59821 62549 65550 65587 61361 64965 58541 63424 62715 63873 66222 52981 61261 68730 60397 66012 64857 59613 61154 62826 68437 61546 59466 66635 62551 60209 66570 62223 66013 59228 62003 58693 59129 55245 61829 62225 63494 66006 57362 59117 60808 61621 63961 56647 60768 63103 58209 63949 55124 59957 63237 67070 52664 59604 70850 63092 63096 58368 66367 67067 61933 64011 60616 55890 62209 68255 62505 54096 62461 65335 63592 62136 59225 65628 65043 60358 66869 61177 51322 64917 68501 60052 65788 67846 64856 59102 
60946 57130 57541 54203 57001 63036 59427 56424 64109 60096 60622 58748 60082 59996 51194 63546 59093 57966 62484 57043 58688 64636 59147 59778 66944 52239 53445 64609 57503 63755 57688 57042 58867 60692 60806 57667 52727 61585 58074 57843 57959 59075 63374 58310 61692 54643 59211 57074 57136 59704 60290 62495 59550 57069 59061 60761 56211 53182 57839 58914 56083 63363 55239 55061 56066 66140 48970 56238 66879 61001 58406 52549 62820 62773 58035 57861 57008 55631 56013 61371 59771 54062 57563 60941 65242 57755 59056 61398 61426 56663 64079 57941 51916 62054 66006 56709 63257 65825 61074 59414 
61176 58150 57085 57072 65542 64883 60909 57658 66425 63657 61089 60697 57661 64905 57528 60381 62522 61762 65099 61314 59601 64227 60812 62774 65366 50756 61039 67374 58208 67025 64054 59727 61122 63975 66509 58912 55344 64489 62260 62073 63297 58605 66504 60251 64310 53591 60512 55850 58784 59137 65164 62203 57674 63909 60957 62208 58843 52871 64843 59782 56735 63525 58367 57441 61055 66050 53656 59293 70496 63578 57072 57395 59831 64731 55689 60674 61360 53694 59699 68922 57381 55400 58187 65929 65408 58957 63247 64428 64796 64735 68754 62375 53467 66399 63004 61335 62376 68694 64464 59990 
67940 56922 63598 59512 66228 65614 63511 60629 69749 69332 62139 65892 60675 61715 62459 68127 63517 67736 64052 64932 62485 66114 59949 66887 73257 51455 64640 68519 56796 68644 65874 62206 62759 68985 69596 63062 61009 68429 62262 66789 70799 61026 72674 62361 66502 63144 64385 60970 68215 64450 65491 68505 59966 63274 64118 64488 61290 59246 62727 65482 62748 64262 60220 62211 65741 69186 53912 63156 68741 66482 66992 60082 65961 64354 62084 66470 60438 58720 62190 70696 62953 55870 65273 63286 68647 61173 68492 66278 64661 63243 69507 64884 51738 72818 71808 60983 67461 70267 62922 62240 
52225 57552 56012 52853 61965 61737 58122 54431 60181 65975 61568 61882 58763 58747 54230 65896 56052 60182 62781 58245 55086 59054 57134 60403 65958 49365 57389 63444 55779 60584 59960 60414 56320 59403 65407 53526 55086 66194 55595 56248 64108 59407 65353 55047 64307 55297 61697 52174 60947 61620 63349 64986 57791 57001 59521 64097 59271 52572 68637 62138 51962 63588 53442 60447 53410 60679 51904 58445 68331 60530 61420 49836 58488 62553 61357 59375 56222 55737 59119 63438 60821 54898 55736 58749 62886 53094 60704 60530 60731 58051 61655 60719 50030 59769 61736 58470 59841 64588 61934 57552 
58869 59198 59470 52050 61359 61684 62893 52339 60794 64196 57338 61114 54874 60987 55373 63219 58493 60924 59866 54146 57773 57667 55752 60951 63482 50113 59109 64749 56752 63537 55945 56857 54905 58026 63136 58446 53544 62672 57495 61818 59400 56754 65570 56414 59559 55406 57374 54575 60585 57487 57495 62818 55832 56609 59484 60947 56567 51516 56679 59879 56837 58546 55389 58706 59075 64000 49034 57661 65998 61749 59643 56300 64415 59427 55182 63646 58839 47561 61030 65524 58708 54750 58959 58359 62483 61015 61385 62027 62777 55482 64171 62161 48513 62034 64882 56069 57395 61234 61049 57351 
65279 61968 60439 59618 62198 68351 60872 58438 64403 65767 61615 61079 56197 61768 59866 65894 64171 65557 64879 64594 60696 70759 61235 61903 69820 55286 61181 68788 58577 67308 60362 58773 59202 66395 64543 60877 57010 65570 60332 61610 65750 59914 66589 58717 66682 60347 60299 57763 61431 61300 65164 66372 60524 63923 61753 62745 57894 56961 59824 64568 61235 65149 61297 61211 64143 67776 53535 60518 67866 63986 62530 60854 65219 68463 60256 63665 64023 59077 61677 63879 59083 54026 62842 65298 66908 62747 63569 64114 61477 61302 67172 63926 53735 67831 66432 62921 65721 68154 61814 57460 
62018 57509 59120 56159 66194 65015 61719 58400 67293 69421 65536 65646 57053 62419 58807 65287 59561 63205 58748 60248 58902 60355 62240 63284 67244 56669 62899 65029 54670 69231 62804 61505 59156 67189 69120 55092 59528 70571 59134 66355 66316 66019 64493 64330 64909 60623 61028 62144 64542 60482 61920 68467 60647 62239 63182 64052 60523 56386 61353 63512 57884 62243 60479 62964 62232 68453 53986 64510 74000 66293 64349 52533 62375 69124 61527 62570 58592 54407 59388 65688 64304 56344 58226 67215 66408 58512 64379 65094 63466 55877 66931 68651 51585 64963 65372 63282 67249 69138 64470 61530 
56675 56324 58397 52389 58816 61179 55968 51484 61406 65196 59879 58754 58216 59035 54418 59308 58010 56813 62220 55982 57829 55083 55182 58827 67369 50475 56087 57562 56111 62953 56358 58438 54317 60916 61430 53343 54196 59735 53627 57121 61762 61336 63208 56662 57951 52185 58566 59579 55813 57304 53108 60666 55714 50695 54802 59462 57013 47518 58968 58760 53275 61938 54448 59141 61008 61244 50015 56455 62800 63487 62305 51134 55769 58252 54808 56498 55566 50368 55802 62771 60034 50511 53781 62623 59012 54985 60707 63502 57777 52894 59232 59688 48373 60961 64084 60595 59042 60431 59650 56146 
69019 61860 65212 64001 69994 72392 65467 61974 70802 69527 67471 65875 67541 67332 66476 73613 65146 69105 67650 65117 65409 65337 68577 67867 75265 63102 67702 71756 63493 70261 66091 64481 63775 73865 72170 64274 66835 71698 68343 70799 70566 67146 74958 66683 72953 63127 63854 64466 68301 66420 67123 70505 61857 65455 70854 67751 63648 62431 68870 64766 66210 69664 62739 61394 66279 71949 56027 67086 75309 72686 69848 59704 69407 69331 69331 65925 64463 58637 65859 70949 70418 59375 68129 68050 71297 62964 65167 66625 69250 67527 75811 70650 55072 71724 70566 65002 72001 74312 66996 62471 
58769 55157 53939 51103 61046 61902 57203 55703 60134 60973 61941 56750 54154 60601 54725 59541 59989 59850 57473 59334 57876 59632 54236 58853 64646 48175 58130 61841 53219 60292 56530 55692 54441 60429 62582 58579 52587 60255 56601 60306 60972 54830 62813 56354 58141 55206 58029 54066 60307 53169 55043 60236 56804 58837 56506 61027 56235 54207 53350 57354 50824 56566 53115 58028 56683 61415 49625 53918 68264 62688 60016 52568 58403 57596 57435 54816 58229 53211 53640 63165 56088 49473 54981 57473 60910 56247 59211 59211 57946 56188 59896 56860 47658 59561 60987 60009 59075 59671 59858 51666 
61033 55773 63373 53925 63825 61020 57997 61092 65371 65710 62533 64187 58992 62943 55915 63254 64514 64700 58545 61929 56404 64164 62077 62189 68627 55991 60701 63865 56315 65204 59566 60290 55068 63548 66627 56114 57538 64157 55401 58194 61682 63603 64860 60017 64386 56485 61779 59098 57993 60549 62217 62874 58498 63073 59585 63447 59740 54268 64401 62045 56281 62336 57996 58010 60777 67672 54342 62122 68895 60941 61780 53658 63506 63576 58157 64116 59399 55329 59039 58999 63530 51863 61012 60221 69463 57783 65798 62880 60073 57969 63910 64970 52983 60284 68238 60211 63978 66364 60496 59227 
61939 59690 60341 54608 65206 61764 59440 59120 67436 68560 61724 60134 57762 62646 58530 62079 63419 63727 62010 57595 57411 61955 57822 64573 67687 54202 61428 66443 57775 67512 63346 57939 59800 63947 65858 58021 59450 67924 56958 60739 65006 62732 61668 60361 64019 57800 59914 59915 60242 60246 58383 64204 58758 59663 61893 62918 59566 58285 61857 61101 58284 57864 59761 61926 62578 63577 53873 63935 70668 65366 63067 53804 62126 62386 58524 66222 59961 52311 60856 64650 59859 54982 59629 64000 64814 61460 61934 66540 58093 58297 67524 66943 52033 64648 65579 60637 64238 64147 59497 57541 
58816 55752 57860 51482 62826 62019 57551 53827 66669 67479 57879 59996 59489 60695 58756 62810 59136 60436 61947 58781 61593 59353 55409 59348 68452 47832 58394 61601 58225 61856 60882 57205 55382 63392 64520 53848 61332 63259 59850 60810 61664 59899 66198 60019 65211 56663 61587 56191 57831 56565 57349 62286 57716 55433 57214 59089 58427 49398 63976 60959 52408 60745 53668 60604 51801 59727 51271 58607 69926 63648 59367 52181 60430 60084 58487 58162 59248 51817 58285 61963 62275 53181 58420 57968 62224 51005 62468 60450 59180 55754 63722 62539 48905 61866 65114 56624 57686 69241 59923 55000 
61996 59396 61105 60857 66477 68514 62715 58892 67560 71958 63953 68092 61071 62906 58607 66048 64991 67347 65046 63945 63633 67421 63931 64002 70211 55520 65073 66937 62397 68248 67298 63281 62294 67974 70565 61679 62365 68060 62657 63939 68659 62034 65760 65626 68120 61560 63457 58272 63955 61685 68019 67336 60195 61447 64514 67321 61181 57970 63905 61257 62197 66387 60096 65232 65168 70529 56379 65386 73501 71712 68086 57527 66593 68666 63910 64841 64583 60330 59916 67347 64574 59105 57900 66180 69241 60077 66325 68748 66537 63676 70964 64477 56032 66892 65978 62979 70212 67190 65064 60565 
65184 55974 61392 56482 64032 64524 58437 56677 64371 66344 63460 64281 55855 59743 60459 62833 62603 65481 65387 63380 64205 64926 61834 65977 69743 53281 60368 67187 58835 63812 64061 58555 58737 68938 66266 60167 61258 62859 64433 65277 65660 59603 67609 60434 67144 60514 61849 57452 63946 61164 65617 64137 61330 62657 61593 64885 63031 61313 61710 59591 59089 62233 62868 57870 61525 65906 55479 65573 69668 67198 63968 56848 61600 68377 63214 61528 61642 55770 59993 67989 63377 53298 62231 65015 65269 56422 64011 63584 61586 61429 67161 62802 52321 66571 65138 64830 68814 72763 64973 57833 
61534 59421 58240 54014 59699 66069 57295 52272 62440 68691 55265 60742 54121 57503 57221 65218 60146 64758 60548 55924 58410 59911 59459 59255 64102 53262 57588 65712 57615 63186 65145 58773 54904 62970 66553 52882 56092 63460 60829 58324 63157 57607 60933 57337 64488 56766 58282 53797 58317 60602 62145 65095 55467 56607 56293 58756 56203 55283 66837 62681 56667 60098 55293 58421 56568 63223 53161 59754 64385 60858 63119 54483 60498 65880 59686 65389 58521 53689 59764 63969 60093 53104 56890 59137 65013 54163 58930 62739 61679 58049 62217 61399 50047 63598 60521 56453 62320 66019 58225 53019 
60288 55975 55296 56829 60328 63254 58164 55175 62816 61566 59800 61159 51202 60689 56380 58983 55096 63915 58952 59914 57981 59645 58639 59828 63454 49253 56112 65234 55701 61553 58299 58640 56170 60084 62663 58657 51381 62271 58546 58131 59091 55529 60875 59979 62714 59411 58641 56526 55505 59409 61310 64009 59474 59817 57952 59045 56597 56403 60637 59978 57495 61031 57549 55111 57194 62269 51527 58871 63799 64751 61584 56230 61965 64615 56429 59539 59547 53316 60472 63013 58914 52303 61559 60129 64169 57032 59642 60596 61586 59822 62323 59623 48545 61253 59623 58484 64784 62389 57058 55452 
57090 55392 53024 48672 64039 62909 55939 51933 57065 59288 55749 53929 54781 57960 52431 55117 58718 57867 58660 57160 56002 55975 51853 53729 61768 47036 54426 60593 52660 58009 56545 50595 46816 60016 58562 53628 53931 57973 53350 54488 60381 54192 59972 54148 56806 50785 54882 51894 53640 55193 52768 55743 49957 48530 53134 53381 56270 50506 56307 54966 49085 55766 52355 55706 54628 58483 48430 58408 62070 60415 57009 51516 52948 58615 55249 53993 55008 45437 50431 60610 56631 48209 52470 55033 55457 52274 60341 59878 55317 53473 58107 55329 47708 60128 60594 55288 57839 62448 56042 51767 
62025 55906 59497 52638 59933 63791 58672 53897 59926 61179 59289 57675 58883 59017 56381 63070 62364 61047 59931 54549 58038 61116 60187 60981 66094 52787 56875 62568 56989 62712 59610 57826 53019 61449 67667 57378 59270 61968 55770 64068 63366 64283 66535 56975 64558 55771 58693 57462 55170 58757 58322 63508 57341 55854 61013 60636 56037 53886 59322 63597 52950 59821 56973 59589 57779 65378 52110 58015 66394 62974 61599 51583 63576 61518 60926 56278 60850 48587 56990 62511 60765 50912 58025 59618 64813 55541 59355 64025 61276 57613 63705 62897 52515 65601 65828 59705 60673 67825 61006 58292 
61952 57992 57191 54189 63802 63149 59250 57581 65049 65814 62710 61161 56582 56765 54369 63721 63964 62634 61543 60768 62482 64050 59212 62896 67699 50785 57228 62172 56292 62031 61304 56566 58121 62778 67370 58989 57080 66424 58087 60807 65668 56331 68862 59416 65447 57327 57733 56089 58800 58606 65224 62501 55485 57287 57896 62977 57555 56686 61819 63410 50996 63804 55128 60949 60003 64852 51950 62052 66883 67354 61801 56392 65382 62253 61350 61325 61797 55807 60239 64034 61128 55859 57170 60565 62710 55672 63028 65574 60507 60013 65004 57070 50508 69273 64968 60919 65503 66525 62554 54380 
56493 54027 57573 51125 60249 55460 54655 51033 59504 65994 56934 59603 56255 58516 56368 60073 57157 59928 57792 55438 54609 63912 55152 61040 62005 47522 57871 65893 52957 62970 59689 52341 51789 58020 60784 55964 53081 61965 58704 54680 59709 56039 61170 55712 60550 52271 58117 51205 58123 55103 57250 62063 56859 54354 57199 58740 57025 52399 56948 52970 51554 56047 55959 57584 56535 61223 50693 55817 62048 59795 55587 53079 58905 61889 56955 57051 59735 51066 56120 60794 56127 52973 53876 56361 58697 53236 59652 58684 58281 54352 60908 60636 44295 62792 63009 54294 60966 62617 59207 56191 
58384 54501 51174 49059 59852 62953 53943 52332 55730 61456 56476 54437 53053 53865 52460 54422 51993 58043 54782 52390 57355 53709 56117 55422 62971 50669 57925 59126 51687 60852 57244 53416 50468 59318 61002 57380 56594 55126 53196 58369 56765 53648 60249 52157 58857 48555 54325 51578 56759 51341 56036 60209 52683 49026 57139 58480 48233 50529 55303 49249 50626 58337 49506 53570 53860 57581 47397 53962 64610 62021 56863 50473 58308 56441 56304 58478 55828 53324 55436 58655 54989 51573 57409 53939 58532 52310 57002 61152 54238 54738 59603 57187 46531 58268 57471 53478 61092 55709 58928 50786 
55823 55830 51773 49865 56729 59282 55786 49370 61269 62672 55560 55376 52098 56218 52226 58493 52552 58055 56096 53536 50777 53989 54107 57849 62351 48916 54266 59452 56523 54986 54428 53415 53001 56877 60650 51392 56748 57730 57161 59900 57958 52372 60801 52344 58722 54390 52174 53830 52819 53933 53124 59661 51723 51449 51345 55144 53221 51499 54061 56281 52148 55730 56727 53725 53328 57754 44020 55021 63309 57267 58263 47420 61676 57517 55166 53566 54067 47648 53418 59866 55829 52968 55755 55714 60124 46327 55139 55574 58991 49838 63720 55813 47285 55039 57702 56422 58741 59667 61424 51757 
61437 60516 61477 54771 64777 65694 63515 56499 68679 68675 61705 64077 58017 65595 58507 63601 63729 67530 61706 63149 63331 66194 62718 62321 67850 54976 59916 64261 56624 66580 59419 59356 56253 64633 67105 58464 59308 67138 60664 62241 65097 58955 62844 59438 69225 58233 60977 60903 61783 57834 62208 65870 59245 60235 61457 59137 61401 53761 62824 60744 59399 61962 59571 59701 59356 68621 53285 65511 66192 66151 65591 54429 63821 64595 65131 64345 62155 58251 59318 61872 60752 54141 60774 61592 66347 54959 62110 65835 61202 58090 64325 65033 49524 64295 66595 61015 68995 66792 59996 59030 
65182 60512 62348 57050 63647 64454 67431 55856 67753 73068 65069 65158 61723 64732 56570 68083 65309 63493 66338 60044 61541 66927 62832 68749 70973 53370 61923 68717 65738 64686 63483 59779 60244 69089 68796 63082 60198 68695 63439 63083 65000 65108 69945 63331 65386 58306 62327 56971 63343 63868 67161 64911 59776 60204 66331 66904 62341 63747 63790 63576 56972 68950 58653 59303 63499 69347 58887 64618 70405 69574 65325 59588 69307 72652 64042 64343 64954 56309 63532 71031 65267 61020 64538 65452 67070 58797 64375 64120 67954 62209 73115 67175 53666 69705 69534 60565 66195 70637 67547 62311 
67472 63005 63907 59041 67173 69136 63123 60535 66556 72507 66120 69169 63354 65386 60729 68891 61432 67203 62056 64472 67258 66573 65298 70226 70865 58258 68814 68487 63676 68449 63485 64784 62269 69720 72327 63169 62086 70340 62894 69921 69054 64263 73315 66414 70986 64746 62726 60438 63544 60613 68132 72628 61732 66317 67760 71361 61716 59618 65365 65868 65653 65066 65307 65942 66827 68080 54635 67864 74274 69381 68398 59003 67828 68617 63064 68149 64175 56401 64315 70068 67294 60559 62615 65216 69907 66378 63495 67192 67612 62303 69936 67627 55570 67735 70855 65759 68240 71932 69820 62366 
64591 60713 55871 56020 64043 66800 64801 61544 64138 67397 63708 60732 56801 63580 58836 63799 60713 65046 62544 62802 59510 64990 63453 61818 71224 56786 63338 66496 56574 65554 60518 56125 58172 67488 68112 58564 55125 63339 59322 66958 67779 61346 68719 59853 64432 60851 60822 56534 65692 58999 60937 66446 60005 60117 65478 64474 58235 57428 62262 65401 58220 65135 60208 58074 61259 69850 52333 59586 70843 68251 63757 56409 65196 62115 61960 59909 60371 54339 59858 63372 63650 53641 62445 63412 64839 59876 64120 65770 65635 58319 69532 67304 52470 65510 67401 60667 61754 66261 62926 60140 
63145 59356 59281 54508 60781 64054 56565 58108 63224 66802 60779 60357 55948 59229 54171 61781 61782 62663 58257 57457 61325 58960 57297 63356 67605 51647 61628 64504 53744 62004 60903 56797 55492 61638 68284 61397 57866 64987 60370 65173 66495 60758 67851 57779 62851 60413 59639 56789 61359 58442 62322 66604 57278 59885 59716 61127 57798 53996 61574 60688 54464 61819 60784 61650 58800 64721 53578 61078 69391 66466 60325 51325 65054 66405 60106 61594 57652 55947 61226 66736 62471 52511 61495 62129 63284 59520 61190 60699 61717 60911 63284 63814 50575 66709 65172 63061 61106 65024 63403 55242 
60348 53769 58779 52750 58603 64525 56986 57693 60628 67232 60509 57875 56661 61240 58254 61453 58888 58196 61768 62072 58190 60027 56644 60712 65684 52626 60381 64617 57558 64276 61164 57827 58239 65991 63065 56069 55073 61974 58272 59881 61456 60853 63413 58653 61942 57197 60269 58873 59339 56548 60527 60241 54647 61013 60761 59479 55954 55491 58755 58901 55476 60323 56897 58262 64113 63961 49754 63496 69808 64907 58192 49068 60422 64365 53784 60985 57612 53962 55541 64925 59225 50928 56014 60025 64119 57410 59903 62884 57013 57137 66580 58060 46624 62580 65253 58097 66111 64707 60527 56849 
60256 60461 60901 55128 70176 67002 61942 55140 62684 71703 61275 65916 60930 65927 61004 65583 64595 65128 65382 63879 66418 66536 58597 65687 72230 54752 66002 67020 63349 64058 64899 61079 59705 68315 67662 60709 59759 67053 64685 64441 67252 62494 71466 62071 67571 58160 63118 58721 66523 61236 64832 69511 63693 60913 64386 66471 64637 57394 62744 66446 58401 66670 59079 64920 65813 67123 60542 66070 73618 65749 66873 58754 68623 69661 64629 63408 66550 56525 64285 66965 62535 56651 58929 64626 65816 60722 65554 69143 67841 58466 67265 68866 54156 68504 68924 66961 66423 72139 63673 61034 
62426 59743 60523 57719 64107 68839 62728 59487 66029 71559 65260 65493 63692 61616 58741 69243 65102 69115 64238 63934 65047 67816 58643 66946 72438 58348 62382 67220 58985 64319 64446 61415 59819 68235 68108 63347 59539 67236 62225 61679 67719 63751 67431 60087 67341 61541 63212 58740 63593 59908 65159 70988 60937 63722 61021 68064 63505 60478 65892 62114 58439 63732 57640 66311 65051 65707 59778 66541 69406 68800 67253 58449 66362 64353 64674 63167 63618 58071 59790 68795 61784 56707 59973 63536 66655 63191 62381 64865 60363 62815 69002 63911 57189 67900 66918 61804 66825 68589 63515 58207 
59385 54896 54082 51974 62407 63084 57305 54200 62086 61267 60145 56747 51970 59428 53639 60604 56994 60574 55305 55074 59791 57982 58093 59864 63897 48374 58359 64546 56350 61287 58323 57174 52156 59333 61914 56193 57833 61628 58291 62375 59771 56440 59870 57183 60344 57110 59801 53094 59214 55956 57977 63848 56168 56800 54154 58791 54570 52376 55046 57992 53471 59308 54082 55674 54625 62832 50173 54079 66063 63318 59819 55148 60456 62431 57502 58563 59664 52311 55841 63995 56712 51115 58004 56932 62470 53921 57716 59112 58643 54375 61620 58444 47854 55934 59457 57414 55869 62089 59122 53531 
55645 53390 58157 51665 57127 59229 55314 51582 58826 61700 57629 56434 56532 55445 53108 57373 56482 56249 55358 54874 58801 61493 55339 59831 63294 51154 55348 59013 55465 59704 58659 54991 56638 59092 61200 54136 54543 61034 59188 56877 60699 54942 64563 52267 61550 53766 55202 53295 57149 54404 57912 60383 58248 57838 55224 58633 55838 49400 61208 56759 54443 58109 53551 56186 58038 60736 48071 54207 63429 59953 56574 53198 60210 59612 55240 56631 54909 49326 54189 62191 55755 46674 53188 61345 58164 56822 55866 58363 58615 54059 60863 58346 49423 58070 62948 57789 57773 63244 57453 55219 
65382 61433 60086 57846 67373 66987 66585 57731 65983 70579 63910 64475 58970 62899 63038 66764 61990 67939 64782 66959 65152 66326 62848 67495 71319 56517 63861 68153 60931 64791 66544 61506 62257 69196 69708 59789 61336 66356 65556 65941 69260 64675 72106 62529 69342 61968 65962 61087 65251 62857 65960 69459 62012 63504 61647 65997 61155 58923 67551 65486 58710 68903 59102 63591 66045 69680 55511 64020 71221 70681 65443 58046 68136 66394 64080 64499 66398 58935 64282 69778 65962 58282 61491 67714 66853 60919 67657 69619 66561 61850 68669 67456 50509 72442 66590 62490 66425 69963 62813 61694 
59506 55290 54833 52707 65256 58901 58493 53268 62210 62896 61362 62239 53728 59991 50789 60034 58216 62868 55691 60880 58503 61087 56076 61912 63045 49794 58455 63352 53526 61667 61718 55865 52952 60800 61341 58135 56092 64301 59203 58507 62417 54865 62686 57607 62813 54325 56486 53251 60516 58655 60343 64866 59111 56322 56833 61625 57911 54940 60260 56254 55085 59586 52447 57999 56958 64258 49724 56072 64601 60779 62091 54012 60653 59610 61641 57447 57402 51153 56612 58822 59663 52459 55402 57684 61133 55284 60377 61683 61373 56732 63743 61377 48585 62050 63675 58897 65053 61666 56894 55567 
67364 61515 62622 60297 67828 69379 67465 60160 70123 72331 64775 65545 63253 67581 65472 68758 65478 72523 69287 67242 64259 69065 64170 65634 69880 54644 64023 74706 65349 69015 67889 63004 58755 68132 70387 64782 64790 70902 68956 68346 67495 64625 67549 63334 69563 63977 67268 58281 61591 65722 67676 67310 63035 62816 65611 62763 64287 58755 66764 67164 61459 62877 65227 63995 61582 69626 55801 66668 72906 71087 67755 58039 67405 71299 63780 67423 66085 60931 63672 71144 67864 60876 62883 63225 73875 59364 71548 66157 67086 64338 71437 65748 54048 70020 70662 65433 69699 74944 67616 61205 
61093 56943 58336 53939 60812 63662 59203 54033 61155 66359 58577 58352 55127 60326 55932 64384 58159 62227 62046 59703 59396 64172 61320 57701 64864 53289 61405 64952 56713 64103 63335 57745 53217 62364 65959 58409 59367 63604 59769 65203 61789 59962 61880 59680 65220 53910 65408 55667 58903 58447 64226 63345 60867 57725 59209 65950 55074 54861 59873 56984 58663 62149 59488 57385 60045 66976 54202 57690 66151 63461 59729 53641 60492 64035 59705 55886 62289 54900 58304 64808 60445 53138 59738 59607 62886 55206 56856 64653 65397 58500 67909 63248 47115 65638 62063 58489 62552 66457 64095 58425 
54744 49988 52012 45991 57703 56643 53878 50798 58436 60287 54936 55542 49537 56748 53086 55223 54471 56955 55615 55327 53114 54926 58159 55669 57229 45050 53857 62988 51888 60125 55129 50000 50400 55706 62374 54061 53601 60770 57553 54188 54447 56451 59791 53314 55785 53654 57569 55231 55689 55291 52827 54715 54577 57148 52197 54868 54526 48786 60788 51657 50436 55645 50197 53560 53730 60232 47049 55406 62588 54213 55643 48505 54800 57507 52305 55862 54258 48123 53046 62092 53747 49425 56521 53156 59544 51456 55346 58418 56014 54410 62830 58845 42820 56915 60150 53702 58331 61286 54648 51212 
64449 58788 60100 56776 61984 67533 62251 56026 65883 69267 65070 65449 58731 60224 58465 67874 63256 64011 63674 61679 64077 65500 61493 66321 66628 56190 62415 65046 63997 65953 57676 53018 62403 64684 72879 60015 59294 65973 59527 64124 64291 63645 67298 61748 65622 60389 59082 59853 60702 63314 64389 63749 60015 61030 61436 64224 58372 61043 61364 66523 58093 65571 62842 60872 60179 66628 51480 65302 74528 70090 66178 57407 67201 71098 64452 66317 61317 58399 64530 70713 64697 56192 62226 64064 65874 63485 62422 61785 65411 60867 69793 64216 53701 65381 64338 61588 61755 69651 65849 55857 
60038 57338 57691 52822 58814 61780 56581 53470 59150 63761 58086 57141 52704 56656 55066 61997 56022 61664 57918 59768 58456 62655 58954 58779 67607 54752 58127 64130 55617 60053 59990 57579 49624 60285 60530 58054 54321 64785 60778 57976 60492 55428 63070 53429 62125 58469 57427 56050 59910 59142 61471 64731 55934 59273 54703 61150 55834 53622 62407 59432 55444 57746 52419 56985 59387 61929 53091 56187 61682 60865 62557 54905 58619 60418 58205 57630 59047 52213 57590 60234 58819 52929 57980 57345 61430 55540 56063 58299 57685 55565 61396 57108 48887 59016 60002 58816 60792 61634 56239 48886 
62305 61279 59222 56796 68109 68393 65639 60105 68125 68916 65747 60364 62476 65023 58552 67890 60976 65551 66905 60906 61835 67306 57430 67180 68346 52777 63373 70090 58386 66858 62199 61529 57399 65444 64759 60298 63557 69706 63925 67839 67479 58955 65667 61945 66893 57314 63488 61533 64539 62449 61759 68180 61066 58686 59365 66381 60632 55677 58968 61979 60475 63758 63886 62643 63832 67263 52457 62475 71295 67566 65039 55127 69030 62789 63242 62396 63659 56523 64095 68765 61539 56599 60996 62600 68234 57191 67224 68941 64099 58873 68935 64936 47969 68584 66843 62624 67768 67797 63952 61701 
62158 57879 59324 54618 64564 58328 56595 57741 63474 63208 61021 60597 58809 58138 53264 59830 60509 63960 61274 57013 57435 60850 57481 59609 68513 52309 59374 62901 52758 64910 61696 58670 54025 63878 62895 54292 57713 64715 55923 59772 65775 62321 63746 59221 60467 56260 59869 56564 59966 61082 58108 66452 57972 55315 59374 62702 59284 56928 62071 60214 58963 57998 55383 58983 58053 63721 51820 59631 65812 62493 63533 51338 58091 59880 59763 57649 56633 54371 57382 60459 57940 50356 57053 60992 58841 55154 62508 65988 60761 54900 63354 65800 51154 64143 66723 58129 62812 64513 59318 56186 
56042 55341 56581 51545 56800 62169 57151 51837 56696 56475 52017 56066 55880 55224 54301 59911 57244 58832 56887 57815 57754 61619 55524 57329 62022 46199 54813 60347 55621 59058 54288 57368 51661 59528 58272 55527 50808 57794 54209 55110 59154 57101 61212 51998 62149 55777 52633 53691 52628 60401 57067 60258 57029 52167 53921 56235 52222 53437 56264 57276 53225 61375 51844 56024 54427 59480 50609 54452 62753 59119 58204 52777 56403 59648 54220 57577 55228 52671 53227 61115 55682 52043 54974 57868 60210 55934 56709 63087 55010 55650 61996 53890 49010 55652 58199 55586 64979 57603 56224 52436 
62239 58397 60795 53795 59314 64576 58580 53553 62644 61496 54394 60051 56450 59098 54108 60814 58863 61795 61270 60844 60777 61378 56819 59076 66003 48454 54746 63765 57271 62064 59528 58605 54625 60736 62796 61950 57526 62920 59008 58734 58092 54683 63259 56868 61724 57894 57396 57772 56665 58306 57492 64435 62158 58463 58472 61957 54281 55902 55769 57775 55003 60839 56568 58310 57559 62896 51828 55211 66059 62029 61590 54198 66472 63246 58749 59267 57762 54204 58705 64559 57346 55133 59630 59939 61924 57142 59812 62144 57826 58143 64291 56026 47117 63547 64802 54238 62250 63745 59600 52416 
62466 59071 57274 54952 63117 66870 65417 58928 62325 65405 63985 62899 63413 62888 57618 60796 61125 65545 60795 56940 60216 63910 62959 62876 67754 55309 60872 69244 61393 65723 62532 59794 62099 61843 69281 60085 60800 71663 59156 59910 60621 65486 67974 59777 64795 60150 65311 60835 59077 67659 59232 64835 61179 63540 59695 65864 61102 58992 67021 63164 55722 63952 56080 59434 62605 66871 53152 62677 70571 64749 60974 58568 68490 71230 59441 66194 64786 54639 64531 71551 62636 57440 60263 66286 64793 64941 62553 66829 65619 58927 70773 66414 54312 64154 68099 59771 67062 67669 63858 57402 
48766 46898 48349 42540 55979 49008 45774 44149 50058 52125 47346 51115 49010 52369 47576 51284 51336 48732 48062 47672 45941 45224 46675 48824 55022 42301 49456 50563 47162 50349 50277 50233 42515 50668 50515 47967 45449 51275 47820 46109 49893 50161 56216 46559 48728 45180 48300 51279 47168 50223 49741 53932 48725 45540 45777 51182 51635 43084 50937 48467 45512 51199 46522 48722 52913 53215 45114 49832 52935 49175 50848 43186 49454 51851 48051 49177 46373 42224 50634 54485 51642 43430 47795 49639 54463 47072 51888 52833 51434 50245 52210 49969 41779 50752 53175 52331 52563 54075 49999 45924 
57500 57947 53560 52826 61971 61877 56575 55225 62104 63271 63072 57539 53899 59319 55346 63607 61102 61789 61443 62157 59996 62493 54524 63893 67369 52715 60808 65970 56785 58356 61133 56418 53544 61333 59543 55461 57064 62307 62085 62302 65282 62579 63042 54690 63487 55400 56441 54150 58542 58406 64123 64987 56113 61353 56949 61387 54312 55599 56490 58710 55158 62701 57685 61691 63040 64464 54384 62022 66470 63660 62179 51382 58669 66981 56259 58382 60818 56782 54383 63858 59035 53630 53888 59976 63316 55989 59913 61920 59894 56136 63187 59204 49530 60430 56207 59332 58825 64746 61537 56253 
60535 59726 61062 53280 60679 64250 60518 55225 65377 68663 61943 62136 56708 63043 57517 64317 64458 64080 61230 59977 60265 59666 60276 61830 65933 56024 61582 65107 65023 63678 60427 59844 57227 61320 66330 59940 58186 61928 58905 62153 67787 61006 65273 55939 65684 57385 57294 58006 61303 60133 58056 65701 53544 56746 62419 61729 61264 54984 60242 60448 55262 58666 60051 61114 59877 63296 52110 62029 68583 65135 65196 54037 67084 66158 61658 64856 62185 55782 61775 67756 65240 54351 60574 58448 63584 59050 64762 62294 63662 60234 65031 65716 52028 64665 63091 61863 63788 68219 62495 55455 
60445 54072 59783 55734 57096 63126 60234 57141 61725 64050 58521 62473 58457 59863 57288 58451 60920 60946 58952 58999 56221 58254 60912 58953 64508 47429 58735 63499 57082 61718 61044 58483 54448 61607 64822 56039 58320 62817 59170 61263 60967 62508 65207 60962 64404 55336 58992 54358 56365 58323 58021 61146 54889 57247 59653 59554 55729 51296 60435 59540 52988 57159 55121 61168 57158 63331 53562 61178 65280 60024 62232 48191 58840 64642 59553 60205 55689 54816 54877 61552 63742 51424 57650 62847 65553 53572 61037 59897 61896 56711 60494 60342 48607 60497 64579 60413 64170 65148 61884 59393 
57835 61867 61994 56257 67004 62980 60800 63415 68690 66451 67420 63640 62978 65860 59436 65871 64632 67036 67745 65643 61821 67251 65629 66586 68219 56740 61482 70572 60195 67461 64174 62613 61938 64956 67998 59420 62254 68768 59711 64110 67233 64331 67519 59955 68425 60625 64139 59383 64768 63938 63522 68601 61078 63773 64632 65823 64622 55080 67013 64541 57751 65928 60318 63627 60240 70909 53056 62745 71229 68211 68221 57494 65840 64820 65988 62072 64573 57522 62545 66739 63786 56393 59395 64566 67998 59134 65393 71458 66486 59205 71477 66477 51917 66629 67914 62927 64651 70293 63659 63002 
50970 52780 51974 49333 59733 58930 59522 49178 59594 62835 61317 56470 58061 58637 51228 60690 52614 58826 57082 55001 53610 58382 52670 57641 57987 52855 57358 62495 56035 59374 55999 56157 54824 57568 59674 51829 51664 58738 56121 58278 61550 55086 60667 54371 58410 50266 54548 53466 55335 59596 55527 60304 52636 53032 57770 57176 54519 52537 60310 60343 55715 57362 53048 54229 55175 59804 44641 56550 62969 58984 59011 52718 59290 55506 56460 58684 57430 48576 56147 63391 56896 50149 52615 58666 61750 52651 58779 58117 58338 52366 63688 58993 48913 58775 60931 56876 59878 64184 55201 55461 
59233 54627 54010 50539 58640 59999 59086 52765 62097 67272 58438 63814 52725 60138 53927 60961 56640 57872 60419 57714 55588 58477 55963 58210 61960 50578 57587 62466 58588 64280 60376 55255 51017 62275 58651 54320 54145 61584 58447 55786 57689 56352 58951 55954 63801 53732 58019 55194 57478 56849 59171 63418 55748 53897 55856 59134 57713 51591 60274 54230 57634 60160 55530 57395 58267 58592 51646 60875 64965 60812 59521 48974 56141 61141 52709 62613 57980 49481 56130 58453 57029 56053 56271 58734 59983 54099 57615 59130 59295 56557 62492 57228 47887 57697 60483 56090 60786 62119 58473 54403 
62609 58642 60182 54273 59907 66486 59021 57303 62279 65158 63990 58139 59801 63906 57883 59599 63067 61703 61752 59583 60734 61161 59593 57682 69011 52232 60465 67147 54036 66067 63558 61347 55856 62044 66069 58576 58120 67054 58243 62234 65209 65442 63664 58958 62222 56880 60345 56328 57783 59927 59296 65114 55083 59465 57967 59953 55615 52634 59033 56353 57569 64144 54383 61510 60127 65910 49005 60383 67017 62079 57769 53255 58250 66692 58381 60022 58417 57384 56880 64434 62929 53059 60803 60954 64897 59642 61783 63186 60707 56075 63107 62566 46448 64888 65398 57189 62586 65651 63474 58528 
58278 56848 58695 55684 62661 63124 56887 59372 66072 64687 62671 64435 59517 57899 56661 58983 58569 61887 57500 62290 58816 63949 58732 63834 65608 52606 60963 63512 51731 63810 60276 56937 57029 64445 65362 56489 53840 62560 61139 58190 64541 59920 65527 58693 62126 59189 58772 59286 58796 56616 60818 63624 58801 57561 58009 63077 58015 52613 65090 53632 56902 59132 58288 57389 59953 63137 49045 62410 65114 60721 61679 55909 60296 63291 56322 58409 56399 52883 56671 63436 61988 53291 56924 61527 65329 56128 60053 61857 58158 59897 63830 60214 51941 62110 64950 59717 62607 65550 63448 60553 
60681 57885 64071 59614 67699 65919 57779 60650 64718 66432 65209 64801 60632 60032 59428 66995 65178 64690 62697 63365 64667 66507 59804 64214 69578 54791 62587 64913 55715 66863 61352 60138 57765 67217 67572 58085 54741 65857 58766 61056 68929 64151 65898 64422 65659 60139 62047 61649 61964 56310 62596 67131 60114 60259 61502 65676 62801 58087 61394 62183 57441 59651 60060 65876 61883 64486 54463 65742 69591 66775 65238 58791 65901 64382 64141 60390 61188 55694 57260 66176 65565 51018 57568 59874 67380 62536 63365 65667 58436 61415 61896 62478 53522 68131 64981 62253 61845 69351 61271 61371 
59937 54805 55693 51521 61025 65384 55414 55360 60085 64899 61321 57695 56223 56551 57177 61522 59122 65224 58515 56672 61060 60748 60311 57301 64616 51191 59274 63861 53536 61797 60259 59834 55335 62043 69421 54875 55108 61813 57204 62883 63846 56178 61064 60273 60576 57845 59785 53849 57270 53754 58817 63381 58479 54990 58691 63032 54424 53589 58675 61227 50916 57638 53878 59791 56424 68610 53651 58253 66267 63930 61681 54924 60731 62395 60617 55985 61562 53816 55686 60268 57685 52365 54304 62186 64790 53586 58708 63649 57058 55821 63430 57386 47625 65327 62348 57944 62430 65283 63588 54919 
59244 57960 58952 53238 62362 63185 61695 57474 64188 68301 64593 62064 65072 64213 54551 61625 55880 62234 59487 58695 62261 65824 58207 63103 68508 53894 62583 62316 56449 65599 60185 61207 58910 62147 59416 59928 57022 62897 62883 63597 62101 60505 67249 58422 69153 53383 60926 57761 58443 57817 61240 67774 59163 61188 63498 64883 59491 52800 64846 57106 58225 60695 56516 57287 57647 63567 51640 58373 66931 63582 61215 57569 60075 59502 56789 60265 57192 54806 59977 61030 59033 55207 56686 63584 63858 59542 63746 63102 64389 59317 64535 66560 53399 60920 64475 61970 63249 65907 61541 59242 
64961 58078 59360 57324 66151 72028 62123 59521 65445 70612 63867 65775 66801 63748 57989 65528 63714 69009 64192 58681 61267 64646 60691 63721 70821 56953 65866 69623 59585 65369 62935 63338 61807 64149 71110 63197 61686 69145 63251 66630 68793 60016 69868 64096 67679 57172 63006 55598 62659 61468 65703 70128 59811 63929 64273 65008 60601 54092 64851 64193 57812 66982 58467 63092 62509 72053 56669 63000 70912 67009 63438 56484 69819 68530 61805 62271 62281 58245 62606 66788 63913 55062 61484 67492 71845 60446 65857 64419 65095 61158 67685 66419 56818 68072 67515 64622 67022 71180 66955 61601 
57260 56542 56695 54577 61277 67120 59109 54469 61209 66675 61761 58209 58683 60459 58194 62013 58692 62437 60503 61924 58549 63305 61132 56902 61768 53554 56941 68727 57956 66699 61878 59028 53537 65545 64349 55125 59353 63537 65976 61201 63042 58096 63211 57292 62872 55623 60529 57861 59730 56875 60428 62296 55604 58928 61310 59783 59892 55401 61434 57940 53805 55522 53562 54982 54068 61867 50297 60741 66924 65517 61275 51818 60645 64125 61772 57236 61047 54903 55224 63577 60415 51838 55989 57971 63899 55220 62105 60344 55956 57509 63331 59511 45700 64363 63299 59406 59830 68493 59277 54819 
65744 58531 65720 57552 69850 68152 61010 60504 66247 68496 63255 64822 65188 65045 60001 69017 66098 69125 65099 65128 61493 67199 61585 68927 73867 57794 66172 67163 61989 69054 67050 62866 58012 67220 72558 61246 60273 74262 62443 65010 67657 64595 70036 63672 68001 62931 70063 64836 61543 65699 67434 66309 62983 63717 59728 66700 64170 56984 69960 69472 59555 65064 62968 63127 69739 71801 56824 66679 69167 66849 66362 55428 66037 65635 63744 61616 61488 58573 60971 69998 66905 51106 59678 63953 68695 59962 65455 69903 66286 62497 69612 67286 55231 68486 72425 64212 70319 75440 66499 62870 
67525 64671 65163 60477 68266 70160 65729 64398 73578 74795 65656 64336 61606 66154 60298 68197 66754 69111 69526 64747 63009 71820 64435 65064 74159 57660 64720 71831 61511 71147 69460 65339 64101 68887 69473 65362 63507 74110 65677 65266 70619 67793 69273 66593 73353 61798 67929 62458 64345 63579 69307 68724 63112 62881 65533 70181 63277 57541 66158 66441 64452 67590 61329 66607 67108 74946 60969 65039 73258 70891 65690 60373 70449 67826 68786 67378 68145 62296 66200 67856 65902 58451 63688 66356 73693 63133 64845 71872 71215 64253 70653 70977 57130 72167 72748 67245 70319 70022 67050 62894 
57623 53349 56072 53722 63358 57124 52844 51279 60866 59343 58559 57501 54405 58160 53418 59466 57652 58148 57322 58513 56205 59224 56374 58641 63795 50739 60224 62429 55541 59662 56816 61493 51500 59676 60230 52520 57429 66803 57515 61671 57286 54607 59624 57677 64048 54302 60243 57129 56569 57210 58107 62271 56983 58695 57650 57873 55016 49547 57374 58037 52777 56388 54142 58303 60364 63275 49998 56510 65593 57778 56076 49161 57107 64036 56943 55473 57950 51423 55890 58855 57557 52090 56339 59066 59611 53838 56629 59595 55228 57130 61899 57404 45824 60608 63448 58660 59239 67324 54315 53066 
55373 52190 55297 48745 56148 62192 56097 50978 56846 60976 55223 53637 54508 54360 50464 58870 52897 57946 54579 55646 54211 55122 57212 53255 59188 49850 52900 61312 50957 62510 57239 53494 49883 58060 60632 50805 52613 59116 57777 59772 52094 55613 59215 53315 57011 52659 54948 53648 52313 55898 57474 59374 53497 52408 55083 55181 53075 47371 55854 57602 50903 53707 50633 55004 52078 62139 43964 53370 62403 56612 54180 49905 55334 56592 53243 56379 54316 46274 52500 56913 54459 49878 55543 57328 58452 52240 54607 56060 56467 52202 61212 54760 45400 57041 62652 52945 55500 62538 57121 53429 
56578 56505 56555 54912 61863 64747 57445 53540 58695 61536 55984 57724 58760 60228 52250 63659 59784 57271 58510 57389 56523 62473 55112 60255 67580 51394 57171 64313 56000 59618 59840 54747 55422 60196 61215 57754 53064 63635 59746 59205 61670 57439 61544 56072 58201 55553 57161 52271 54846 61356 61671 61490 53542 52287 59270 58488 57595 54654 60982 60294 55734 55532 52803 57634 60585 58427 50103 55530 62241 62749 60281 52520 61803 60253 59140 57243 58692 52283 56969 62898 57386 51779 56465 59601 60485 58573 57147 65017 59666 58299 62916 58496 54206 60309 62490 57328 61548 64687 59364 52885 
59995 54293 57467 52457 58544 62432 59565 53561 57453 61937 56391 58192 58538 55671 57406 60436 58511 63374 60546 54221 53808 61053 61616 53785 65194 45396 56608 61183 50839 61538 57138 53910 53264 60608 62996 55601 56207 61035 55232 55351 61617 64077 61361 57427 59033 52635 61343 51148 57231 55085 58152 61719 58916 54137 56336 61171 55176 52784 57143 57214 50749 58124 53567 57576 53478 65701 51748 51993 64777 61320 57038 55334 57418 59802 54683 57678 57513 56341 55187 60881 57993 54240 57344 60860 64235 53999 58887 60462 58411 54316 58691 59262 47428 62195 61910 54643 63232 59822 58635 55319 
58030 55590 54153 54423 56040 65188 59129 52912 59894 61847 57488 56451 55705 60552 53103 57681 53390 57768 58256 57222 58960 59695 56500 57229 60468 50247 55360 65200 52561 61907 60859 55086 55011 63105 62692 57167 55059 60891 56728 61059 60313 57683 63287 59128 61669 55329 55491 54396 58240 58231 59055 61555 54401 58792 59926 61775 57483 52895 61130 60537 56327 58503 55940 56267 53872 60889 49220 54569 66492 59347 57191 55097 56627 63500 57938 58021 55602 52245 59642 64505 58360 51063 56359 64093 62142 58183 57331 58735 61261 58866 61813 59628 49986 60767 61492 59482 62760 63361 61784 55511 
63036 60314 63226 58174 62181 68979 60646 58494 64402 66416 65124 67644 63658 61584 57895 65303 60881 64852 66226 65445 63436 68127 61507 61651 69163 55037 62476 67472 59635 69831 59378 64043 57165 67534 67038 62866 58173 69300 64673 61621 66817 60795 70708 66788 63111 64968 65189 64952 62783 65654 65685 69022 63047 61478 62857 66938 61895 58337 65104 63906 64584 66781 56245 64775 63277 68227 53457 65381 71243 65672 68484 56095 66351 65354 65598 61241 63967 59344 63388 66932 63281 59116 63498 67157 67398 59727 66751 64258 62631 61205 67519 62988 51266 70090 72815 62665 69314 72126 63454 58120 
58719 53917 50477 52030 55334 60033 55330 52933 61290 61458 56673 55055 55308 54548 52114 52631 53799 59101 58107 52198 51157 59883 54867 57967 63320 45438 57032 62191 52082 56480 56568 54172 54578 58730 61325 54688 54574 62164 53329 55758 59134 54886 57335 58635 58349 51408 56959 48393 55111 55862 55215 58083 51333 54937 56330 58448 52747 51760 55836 54480 47696 54087 51410 54901 55418 59796 49748 53399 61718 61137 55659 51003 56678 61768 56649 54997 55291 53216 53493 63455 58114 50458 56084 59070 61820 51724 56931 56228 56265 50944 57508 58419 48347 60637 57669 51721 58736 60336 58321 53042 
59967 52323 60159 53819 61014 65595 63572 54469 59153 64841 65032 58815 62043 63763 55205 64877 61397 61264 60533 58428 58809 62888 61205 60336 66652 56779 60053 64468 59582 66094 60562 58794 57788 62359 63914 58101 51627 63156 57612 62504 63114 61908 63076 58162 64778 56741 57413 58031 57252 59676 58512 61012 54863 60938 62467 61109 57584 54742 62512 62041 58725 62570 56187 55455 62808 69236 51815 59719 65332 63862 60413 55783 61923 62116 57621 60990 56426 54338 57571 63123 61844 50697 57035 64701 66420 60659 60060 65364 61473 55137 68224 61829 50606 60407 63351 58886 67392 66062 59212 59964 
52102 50109 51707 46398 58718 58768 50767 53332 55909 58004 59992 55422 56639 55249 51831 57083 52485 57314 53103 54620 52471 58735 53856 53149 59326 49092 56536 61670 53906 61487 54413 54904 51310 56830 60531 51967 51658 58360 56109 57935 58949 54883 58232 54254 55492 54453 56683 60644 52173 54232 55859 60522 55391 57221 53414 58597 54359 48830 54663 51300 54659 54473 55369 54875 52648 59706 45992 56428 61754 61315 56389 51088 54555 59489 53426 56099 55907 55236 51990 60947 57793 46002 49485 57790 61587 53903 56765 59167 53955 53382 58440 55607 47197 60761 56028 56723 57449 60230 56843 50749 
62361 57087 58587 55233 60020 64766 60721 58534 65684 69775 65506 62994 59599 61462 61268 63328 60751 61820 64290 60203 58120 64035 61874 65944 68072 49349 60549 66679 57431 66474 64447 59037 60688 65323 64257 62267 56581 61328 60309 63946 64059 65111 62516 61263 67017 55428 60479 56705 60433 58678 61600 61116 58408 57263 61982 68047 56785 58316 59264 60888 53775 63055 57241 61374 59718 66557 53925 63280 68540 65894 62461 54061 63850 65209 61873 62093 61573 54831 60062 64372 64012 56576 62483 62718 69030 56092 64215 61898 61758 58662 65669 61598 48174 67887 63669 61576 62962 65928 64956 59676 
58575 53021 50785 51456 54362 56563 56314 46849 56725 59514 51708 55786 53410 53280 49956 58308 58008 57447 54278 47508 53562 57886 54582 54912 61240 43538 54464 59543 52687 54929 60080 58302 51324 54252 60153 54369 53204 60675 51142 57957 59837 55809 55699 52064 56886 51346 54837 46586 52088 57321 57642 58780 50779 52797 56306 54274 52430 48454 55580 56484 52235 54750 49924 55585 53479 58700 51753 50154 58593 57894 55270 50820 56430 60344 54709 57054 55905 50294 51441 59765 55114 50473 52496 56796 61650 53678 55677 60907 58934 55586 61348 54738 49797 58609 57331 53939 59294 60777 58034 49914 
62822 57739 59506 57504 64045 66740 63222 59586 66421 70036 65949 64875 62448 66278 61047 63720 63219 67639 62119 64651 66360 64172 61840 66842 68537 50626 59760 65420 60098 66981 66357 60190 59323 64745 66708 62153 60222 67600 64795 62335 64389 63740 68520 61845 67185 59422 62742 57223 59136 58389 64400 66430 58855 60688 60841 61502 65146 52971 64320 65266 54591 60906 57672 64560 62444 66846 57161 63311 71240 70337 65694 55352 62542 62004 63556 63921 60899 57407 58424 66972 64773 55415 54769 61789 68755 57527 68533 65806 66894 60733 65691 64854 53355 63277 69065 67396 67319 64693 64215 57864 
63462 57838 58063 52747 65300 63188 57914 55710 61977 63424 61458 64332 62828 60258 56734 63543 59172 60625 59744 59393 64631 62586 57385 64492 65600 51894 61731 64828 55724 62518 60967 61274 52470 64348 65728 59334 56940 65661 57736 61921 60451 61047 66578 60592 67511 59481 59163 60231 55031 65738 61299 69306 58052 57533 58294 62581 57360 57154 65671 61717 58200 65182 55432 62257 59429 63822 52712 62672 70285 64050 61861 50672 63426 62536 61167 62739 58843 50981 60325 60878 63183 53577 59524 61546 62548 59243 61055 66410 61589 62818 65273 60778 50709 61188 66530 59660 63152 66710 62203 56409 
61305 55744 56870 54978 60649 64878 58839 56932 61113 64632 60291 61114 59206 59033 53027 60246 57480 63678 56239 60911 59354 62852 59542 63123 62772 56202 62878 67378 59128 58751 59959 58048 56346 63116 64970 58235 57456 64098 59821 62256 61199 59996 66797 57131 66746 58294 60695 56338 57508 60362 60478 65986 57831 61683 58493 61736 56970 59168 64910 61062 53543 59653 55334 56888 59418 62697 52265 61352 67910 57849 58942 54455 59673 67254 60497 61137 56874 53627 60917 66489 59520 54785 60363 62162 61438 58064 58014 60255 60872 58714 65395 59104 48657 60988 62940 58334 63132 68807 60743 56091 
59740 58293 57590 52602 62271 62451 61539 52275 58611 67768 59176 63866 59056 60989 58228 61713 58491 62414 61687 54551 56186 56703 56297 60541 68038 47359 58081 61985 56535 63477 58777 54223 54064 58267 60681 59949 54224 62184 57421 58587 62780 60889 62286 55937 64632 55504 58426 55510 59591 56492 53153 62939 53458 56816 57368 56969 61331 48582 59977 55155 55940 57206 55477 60635 57877 59263 52281 61252 60644 63405 60535 53542 59975 61765 57631 62382 56400 51127 56243 63002 59134 53986 53428 60448 61882 57050 61909 63220 61012 56195 59951 60362 50229 63457 59087 60068 60384 59797 60480 55080 
70156 62971 64016 55403 65646 72089 65812 61176 66626 69584 67869 66580 64594 67150 60444 68764 64953 69406 68163 65248 62854 63644 63802 65763 72605 57914 64585 69983 66389 71062 66995 62987 57670 66988 65849 66344 62008 68253 64820 64573 66780 66816 70115 63860 69979 60240 64512 62372 64308 66039 64055 68637 62294 65697 62313 70097 64473 62596 67234 63901 60028 68358 60429 61774 64300 72300 59032 67249 72381 70806 66503 57662 66989 69340 62304 66900 61759 59273 62180 72034 66262 55455 63408 62487 68018 62615 68370 67004 67650 62589 69393 66021 55891 67729 71714 65969 70722 74042 68686 59100 
56442 55820 51385 53526 54492 58762 56044 50227 59039 58466 54099 56044 52842 53620 49861 54134 53533 61046 52915 54501 54089 56009 56254 56237 62071 46194 52903 59570 52924 58393 58128 54347 55091 55815 60548 54123 50544 58482 57906 58531 58459 52467 57775 54298 55840 53919 51519 49581 53107 51554 54862 60817 53749 53598 54093 56017 53282 50120 53991 54591 52380 53379 49116 56130 50781 56198 49908 53451 59381 56997 57374 50375 57278 58708 53143 55469 53219 54146 52850 54940 52854 53358 54426 58650 58398 51634 55229 56263 55079 50824 58001 54968 46475 59534 55884 53489 57842 57347 57437 51873 
54552 47868 53886 47395 60297 58401 52945 51448 58892 60592 59468 58383 57670 56492 51546 58365 56149 55609 56335 53357 53063 58175 54766 57091 62683 52195 60209 57605 56901 61778 55018 55322 55471 57704 58662 53093 49619 59158 55264 58264 60543 54950 57501 55790 62056 52408 54321 55754 53032 52745 57376 59474 53421 59089 55314 58679 54834 47796 60388 52085 55899 59815 52822 52278 58881 62056 46046 57940 59915 58395 54508 52949 57217 59755 49945 53981 54071 47629 53033 60180 55197 49103 51534 59040 60107 53738 58458 59540 58468 52417 63906 57104 48087 60617 55192 55383 57496 64605 57082 52379 
56687 58799 59264 52497 60915 61827 56523 53734 56641 62586 55229 58832 54482 62118 53923 61642 56582 59979 58613 58139 56827 58945 56227 58780 63848 50135 56721 61944 53078 61879 58447 57735 52794 57084 63941 53998 56266 63545 56617 55919 60449 53903 63749 53759 60327 54278 56913 52196 57318 54872 56909 58913 56041 59153 58443 59994 57901 52252 63005 64355 53485 57186 54672 57544 55793 59193 49344 58673 63561 57074 61829 53823 59757 60673 56289 59089 56272 47239 56856 60617 57286 51259 55487 56378 60814 56031 57561 59126 55724 56742 56298 61002 49419 59848 63585 60834 59673 64860 57402 52837 
60308 59483 60031 56292 65521 65765 55691 55923 65796 63598 60897 58807 62449 60960 58221 64347 62510 62382 63313 57565 60887 65451 59490 61406 69593 54599 60573 64889 59295 65825 59983 58963 58269 66841 64585 57407 56734 65552 56533 62892 63696 62833 64181 61932 66703 54950 60611 60261 57591 61476 59460 64030 54869 57381 61315 63020 58177 55221 60172 62347 55550 58937 57968 60076 63524 64347 51615 62353 66944 64956 61724 54366 61894 62016 59542 61119 60221 53633 59339 65433 62364 53698 55814 62453 61912 58365 61981 64044 62539 56417 65108 62573 51482 65942 64515 61803 63612 65771 64497 57936 
57526 54125 57025 52557 59752 62817 56475 55029 64834 64157 62676 57671 54552 58297 51338 61980 58544 59814 59210 58378 58248 62691 58221 55871 62661 53833 54333 65333 54804 64057 58975 56882 53953 57285 64359 54259 56422 62677 55889 61233 61885 55844 58546 59699 62679 57677 58215 54821 54200 57821 60024 63247 52483 53566 56367 59787 53712 51618 59595 59476 54245 60894 52565 60525 56638 63236 50632 57516 67322 61381 57910 50621 58767 57476 60981 58784 57455 52601 55074 62084 60196 54182 55456 59430 62029 52698 56385 63658 57525 52621 65491 56889 48500 59462 64278 54893 61112 62096 61339 53876 
61356 59468 57395 57313 60768 65263 60336 57633 62144 67845 62828 59772 60675 62154 59223 66774 56133 62149 61749 59737 60843 65856 61107 63290 71016 51131 62917 66697 59627 64822 58482 59790 58291 65777 68530 59191 54811 65077 61969 64265 63574 62088 70322 58731 62195 59108 65027 55757 60911 61247 63931 65255 58675 59908 66075 60761 57597 56942 63529 60677 54375 64008 54690 59757 58069 66524 49511 60677 71833 70241 63976 54385 61769 63370 58482 58771 62094 55949 59058 65961 63228 55218 60058 61356 66133 59135 63223 63727 64339 60307 66877 67387 52396 63582 65289 62374 59179 65593 62501 59690 
58310 55985 59684 50311 60304 61987 60797 54385 59920 64179 60985 60703 57513 58811 55056 61438 57516 61364 62804 55125 59479 60602 58911 59928 67805 50678 57864 60627 57518 67285 58666 57146 56467 62223 66956 56951 60075 59908 57505 62468 62294 61952 64418 56460 60223 57407 61623 59343 59780 55977 58891 63947 58217 55382 59260 63437 60087 55158 58696 57887 55824 62169 59041 57706 56410 62178 52244 59414 66716 65387 63917 53417 60980 64372 56976 58624 58164 55668 59793 66653 59940 55402 58634 62025 64043 52203 63416 61511 60074 57452 63425 65560 50535 64362 62357 59586 60291 65519 66060 56791 
64391 61512 64076 55431 66203 66518 64997 60454 64552 69791 61422 64305 64590 67170 57655 67510 58305 64157 64912 60529 64125 66918 66180 63108 72353 54876 64534 67555 62839 66262 59485 60877 55443 67664 66944 57065 60655 67110 64143 63623 61783 64038 67181 58276 66920 56622 62957 61279 59671 61888 60669 67984 64156 60253 61046 63527 63264 58654 68379 64114 59854 63728 61313 59496 58155 64169 51631 62855 70893 64674 64425 54999 63598 65123 61259 64104 61306 54601 59762 66128 64023 58035 65370 63165 63158 57925 64181 63026 63313 58092 66092 65784 53053 63402 69257 61566 66472 70838 63523 56210 
55415 52848 57070 50098 53621 59270 57261 50316 59851 65438 58526 56049 55144 56572 51159 62856 58816 59095 56739 52901 53631 50673 54687 53773 62842 52857 54471 59039 58204 60075 59093 56788 53075 54761 64388 54368 54136 59517 52733 59777 61364 57903 59438 58039 58988 56043 54656 55389 51891 53648 54914 57923 56298 49452 58693 60928 54022 50232 59186 58367 54109 56337 53571 58479 54071 64284 53083 56598 63237 61417 60604 51890 58604 60563 60196 56713 57226 53868 57068 58761 54006 47211 54133 57306 61445 52477 54421 60336 59724 55666 63912 60165 49246 61280 60014 56036 56289 64673 58947 49830 
67848 62883 59180 55123 66486 71084 66025 58716 68196 66985 65538 63667 62746 67027 59377 67349 59536 64941 67474 62137 59414 66247 61182 62529 69106 54133 61393 71540 62639 69072 63896 60528 59511 67412 66629 64574 56725 66285 63969 68501 68021 59999 65410 66580 69103 60842 65786 61888 60335 63961 63058 69373 63146 59757 65920 68439 63496 59809 64383 64759 64175 63583 64320 58443 60554 68688 55352 64042 71586 70335 63110 56732 64013 66077 62934 61531 62768 54049 62362 70159 66684 56702 62469 66314 69073 58800 66501 65339 67717 60840 67524 65123 56208 71578 72280 66086 66397 70099 65636 60545 
59643 52386 52494 52202 55797 60609 57184 53566 56335 59291 56360 56792 55618 55804 52445 58081 51817 59072 56108 53920 54706 57279 56218 58759 60858 47242 56893 61759 50673 59574 56205 51844 51277 60059 59154 53788 51296 61832 55193 57929 57720 59082 59631 55204 56921 53803 58201 56319 53612 54661 55846 60655 50666 56061 54531 57140 52905 50831 55001 55777 56110 52458 55437 54817 54654 61218 45199 61008 61959 57360 56778 48230 53921 60545 54299 55040 53386 48091 52791 61260 55529 50173 54148 59408 59821 50612 56640 55624 58041 53314 62439 55384 45312 56506 59989 53781 59762 62346 57403 55247 
55128 53096 53771 50483 53507 53512 50800 47230 55121 55848 54026 59079 51214 54464 50121 53892 53305 56223 54446 52634 53438 53906 58087 57493 58375 49162 54974 57972 51726 58799 52327 50059 48629 55300 56971 55960 50247 57483 53346 53140 50787 53238 56155 52249 52310 52316 52545 54085 55853 55269 53882 61348 54383 55814 57170 55156 54931 49101 53895 53485 54482 58534 51608 52268 54754 58820 45961 53902 61003 53623 56013 46709 62293 58418 53416 58996 50214 48787 57583 55710 56879 50941 56268 54761 56769 53796 55724 55798 54624 51847 58359 56245 41060 56701 62683 50835 56265 61160 55914 49335 
64063 57448 59252 59560 66748 67305 63446 58941 66753 66332 65513 66360 58338 64879 61118 66872 62263 66444 63080 61414 62458 70289 61367 69565 70839 53564 61465 71092 59846 68960 64015 60551 60210 68164 69760 62668 59724 70392 63384 64957 63752 65440 66572 62970 66616 61141 65103 60533 59841 61488 65766 68368 63229 64235 63561 67387 62166 61203 64409 67754 60793 60988 58217 62202 66118 64408 55711 62401 71148 67165 68162 58157 66862 65293 65848 63842 63548 55242 62704 68988 63718 58242 62484 63170 69220 61951 65127 65702 63462 56491 63765 68283 55582 64603 70657 61039 65344 73105 64212 61574 
60657 52636 50284 47697 56314 61049 54970 51911 57268 58713 59683 56411 52577 55711 52745 59013 59162 59496 59820 58104 54767 57735 52624 61212 61997 50267 55969 61787 53986 56882 59861 52995 50843 60347 63270 53977 56147 62970 56409 56037 61395 57968 61559 54597 58402 53536 55907 51846 52210 58404 57024 59734 51079 56177 54853 57937 53085 54409 58950 58077 52945 58527 53618 57552 60355 59188 48597 60195 63829 59956 58886 46551 59888 59796 52787 58421 56842 49997 53008 60558 59739 50457 55632 54774 59183 52443 58189 57174 56001 53632 60669 55356 49529 61233 64762 53774 58173 66911 58876 53013 
67513 60666 62874 56759 67585 73869 63674 59193 66014 73469 66913 64609 66179 65695 60295 70722 63496 66001 67811 60469 63624 67109 66949 66089 72121 56701 64069 68589 65269 71786 63764 65652 61457 68589 71783 61771 64392 71963 61336 65039 68856 63802 67292 66401 67092 62156 67079 62772 63219 63194 64567 68177 61366 61829 63361 68639 63159 62415 65656 68903 60784 67517 60495 64629 65515 68688 57265 67051 69800 69644 67486 61697 71111 69656 64338 65997 63507 56185 60581 73921 64409 59974 64173 63950 70804 62873 63315 70136 62682 60773 73372 61376 54179 68907 69806 60904 67925 72730 67383 60780 
56586 58697 57916 52365 63701 63301 56839 58235 61109 63278 59129 60254 56135 58765 56309 66129 61507 62516 63812 57414 56971 62038 58261 60291 65323 51551 56840 61030 54993 63306 59870 57674 56143 63978 61131 56838 54790 62136 58436 56086 61041 65044 65665 54929 63573 55354 58376 55876 59707 59840 63020 63794 57952 57232 57619 64691 57687 52853 59139 60922 53902 62056 55578 60706 58474 64766 52891 59134 68514 62910 65096 53095 60087 60023 57191 59231 57658 51090 61080 62681 62081 54383 55159 59797 65718 56389 63767 62958 64557 59279 62195 64735 52405 61503 58782 60105 60205 64493 57985 56856 
58669 53705 53887 53684 55613 61102 56473 55764 59178 62807 58230 58009 55048 53436 55487 60043 54130 58939 53376 56187 59613 60514 58053 58809 62928 46749 55936 61879 55974 61307 60403 58589 53132 63274 60681 54597 53118 61999 57722 58274 59924 58379 60654 55419 60069 57031 56569 53109 57666 56278 59144 61471 57823 55801 54143 61724 55649 54743 56314 56195 52894 59010 50740 58060 55735 60441 51036 58463 64217 59182 57433 53386 59632 64678 55892 57208 58071 54607 54959 61896 57233 53089 56294 61446 60938 55306 58320 57125 55491 54282 64745 56813 47008 58144 59331 57845 58851 62358 62169 51580 
57836 50648 58363 52040 60768 62349 56005 56421 61794 62615 63504 59874 54709 58794 53938 59144 58300 60346 55736 62962 58686 60596 59628 58910 62459 51697 54683 63533 56588 63720 61477 53826 57963 63498 66145 53358 58832 63576 60325 58988 59922 60392 63945 56509 63994 57854 59464 56842 54267 55742 61385 61228 58312 60084 60338 61011 55678 56467 59871 60052 54400 58719 57228 56441 57143 63758 47115 59856 71864 61022 60923 51793 61752 63534 58604 57808 57949 53056 53969 61761 60702 51240 58848 60571 61508 54380 60032 58082 60746 56716 64117 60042 50071 60033 65294 56460 61991 66666 58007 58793 
61689 59131 61620 55847 57400 64179 60334 60003 64715 68711 61438 58527 60982 62347 55895 65119 59049 61677 62122 60727 60015 65934 57451 63702 70122 53814 61366 69282 60033 63470 63256 59504 56726 63246 61806 62075 55709 66228 59871 60793 64559 65510 65647 60860 65367 59121 64365 57459 62200 63185 58344 64523 60836 55959 59344 63195 55909 55006 59303 59436 58331 59628 56130 62329 62168 67142 52274 58604 67936 63869 60997 50331 60699 63100 61795 58047 60294 57318 60353 64599 65168 53675 60916 63141 63822 57752 58455 63695 62120 56194 66940 64497 49692 61514 67942 62401 67197 64818 64555 58732 
55912 55127 54879 50798 62771 61016 59000 51568 57727 63415 60032 58991 55321 58019 52664 58553 54984 58340 60588 57945 60997 61230 58044 56735 62591 47215 61151 60414 53714 63345 61106 58176 50481 63149 63808 52427 56273 64400 57396 57582 57765 56383 61598 57650 62389 50867 64005 57353 55893 57326 58218 60197 56625 56116 55149 60298 57058 50766 59715 57215 56011 60706 56757 56354 61461 64401 49914 59941 63756 62216 58264 52288 56828 61764 55215 56829 59346 52686 53762 60835 57023 51926 52573 57523 59250 50733 60510 60019 59754 52241 61021 60984 45108 61437 66167 57717 64181 63912 59454 56395 
55230 50778 52058 45662 55384 56335 51787 46779 55727 56171 49113 53540 47541 51164 48345 54161 55458 59451 54674 53500 54636 58690 53224 55422 55552 46690 53401 59431 50565 56412 52632 50847 47791 56287 57991 51866 49519 56615 56137 54326 54124 50951 54368 49840 55720 51155 49544 49190 50775 55840 55301 60572 48403 53624 50775 50360 49794 50150 52849 53407 50487 53063 50525 50233 54103 55611 47745 54599 57143 56268 54073 47524 57817 54321 50021 57040 52101 46774 50406 57687 50849 48817 53042 50862 52447 50040 55082 57223 54489 48928 57569 53585 42941 58958 56800 47280 56697 58713 51823 49505 
